# k[h/Mpc]    Pk[Mpc^3/h^3] (CDM+baryons, z=0, sum m_nu = 0.06 eV)
1.000000000000000048e-04 4.217539120297653881e+02
1.018192851288654056e-04 4.291511541017023319e+02
1.036716682415320324e-04 4.366784134760258098e+02
1.055577514846969182e-04 4.443375288914788257e+02
1.074781479598227148e-04 4.521304736813268050e+02
1.094334819224358437e-04 4.600595836341703375e+02
1.114243889850503427e-04 4.681282290417859144e+02
1.134515163237845173e-04 4.763371311363935661e+02
1.155155228887354377e-04 4.846904105989920026e+02
1.176170796181814416e-04 4.931905580649400918e+02
1.197568696566808123e-04 5.018398910381970950e+02
1.219355885771395451e-04 5.106407134131579824e+02
1.241539446069180779e-04 5.195948397610618485e+02
1.264126588580515400e-04 5.287067293616587449e+02
1.287124655616594384e-04 5.379777719452486053e+02
1.310541123066188615e-04 5.474109800571861797e+02
1.334383602825797493e-04 5.570092466591323728e+02
1.358659845274025704e-04 5.667741480519597417e+02
1.383377741790963323e-04 5.767116521352713789e+02
1.408545327323400568e-04 5.868237265608820508e+02
1.434170782996723684e-04 5.971121650373847842e+02
1.460262438774317321e-04 6.075796440629205790e+02
1.486828776165345905e-04 6.182297437207616895e+02
1.513878430981813628e-04 6.290673035370826938e+02
1.541420196145766618e-04 6.400939132640440903e+02
1.569463024547576211e-04 6.513124204835481805e+02
1.598016031956211612e-04 6.627269104973950107e+02
1.627088499982476107e-04 6.743418320906829422e+02
1.656689879096138421e-04 6.861615440943971862e+02
1.686829791697952625e-04 6.981873829319388278e+02
1.717518035247584925e-04 7.104242601565279074e+02
1.748764585448427458e-04 7.228741328027973623e+02
1.780579599490355648e-04 7.355408785544876764e+02
1.812973419351494885e-04 7.484290628424053011e+02
1.845956575160039546e-04 7.615431580536284173e+02
1.879539788617241337e-04 7.748854144168652738e+02
1.913733976482663102e-04 7.884595524654498604e+02
1.948550254122856829e-04 8.022718898845020021e+02
1.983999939124585297e-04 8.163259994021867669e+02
2.020094554973777819e-04 8.306243069041526041e+02
2.056845834801435461e-04 8.451738597851841632e+02
2.094265725197667807e-04 8.599763397845721329e+02
2.132366390095114320e-04 8.750373771015888451e+02
2.171160214723039149e-04 8.903615245743574178e+02
2.210659809633339990e-04 9.059529838897790341e+02
2.250878014799803737e-04 9.218158429830723435e+02
2.291827903791957422e-04 9.379567753519958160e+02
2.333522788024834985e-04 9.543770206255007906e+02
2.375976221086056330e-04 9.710817305029192994e+02
2.419202003141653350e-04 9.880774162940082306e+02
2.463214185422023359e-04 1.005370511756277210e+03
2.508027074789512386e-04 1.022965585210826021e+03
2.553655238389076002e-04 1.040865790386931621e+03
2.600113508383580818e-04 1.059077402533327586e+03
2.647416986775227160e-04 1.077605450673326914e+03
2.695581050314685314e-04 1.096455846792980310e+03
2.744621355499574371e-04 1.115634776681888980e+03
2.794553843663845458e-04 1.135145424526503120e+03
2.845394746159758551e-04 1.154994546526533668e+03
2.897160589634161019e-04 1.175188381852561179e+03
2.949868201400724570e-04 1.195734214221816501e+03
3.003534714909940903e-04 1.216637990289385243e+03
3.058177575318607564e-04 1.237903480043567015e+03
3.113814545160675839e-04 1.259537465953012997e+03
3.170463710121235027e-04 1.281547999438545048e+03
3.228143484915545593e-04 1.303938759731176788e+03
3.286872619275051630e-04 1.326716814508117295e+03
3.346670204042274878e-04 1.349889476459943580e+03
3.407555677376585749e-04 1.373459918902097115e+03
3.469548831072907032e-04 1.397443971351483469e+03
3.532669816995344099e-04 1.421838306085792510e+03
3.596939153627857458e-04 1.446653086240401763e+03
3.662377732744146039e-04 1.471897079346144892e+03
3.729006826198842401e-04 1.497576782968518273e+03
3.796848092842254412e-04 1.523696319311495927e+03
3.865923585560943217e-04 1.550266487277179522e+03
3.936255758446357959e-04 1.577293628112561464e+03
4.007867474093881042e-04 1.604787162542432043e+03
4.080782011034704971e-04 1.632754964050945773e+03
4.155023071302878300e-04 1.661201455025032374e+03
4.230614788140018689e-04 1.690142013772295741e+03
4.307581733840231200e-04 1.719573818223191438e+03
4.385948927737709220e-04 1.749510357103751403e+03
4.465741844339673225e-04 1.779962433176112427e+03
4.546986421607269535e-04 1.810938046934399836e+03
4.629709069387099988e-04 1.842439524777040106e+03
4.713936677996192776e-04 1.874484771246558466e+03
4.799696626963114669e-04 1.907076717539568790e+03
4.887016793928109122e-04 1.940224126370969316e+03
4.975925563705199022e-04 1.973937529313326195e+03
5.066451837509105497e-04 2.008227740700047434e+03
5.158625042350036471e-04 2.043096967837102511e+03
5.252475140599437630e-04 2.078554136783699050e+03
5.348032639729722064e-04 2.114611904240607601e+03
5.445328602231193230e-04 2.151284364093867680e+03
5.544394655709439885e-04 2.188582427577751787e+03
5.645263003166376423e-04 2.226510173814876907e+03
5.747966433468323271e-04 2.265074806009897202e+03
5.852538332004588112e-04 2.304291227670347325e+03
5.959012691539901374e-04 2.344170254041546741e+03
6.067424123264289265e-04 2.384723541558969828e+03
6.177807868044028370e-04 2.425962222904885493e+03
6.290199807877237988e-04 2.467891871971120509e+03
6.404636477557869127e-04 2.510523145577313244e+03
6.521155076551968374e-04 2.553867509574927226e+03
6.639793481089937589e-04 2.597937992343379392e+03
6.760590256478781488e-04 2.642744467235175307e+03
6.883584669638424022e-04 2.688295088137770563e+03
7.008816701866015138e-04 2.734613884392067121e+03
7.136327061832506164e-04 2.781689830347834686e+03
7.266157198815622470e-04 2.829556164877995798e+03
7.398349316173659113e-04 2.878216317854446515e+03
7.532946385064322441e-04 2.927676632414993037e+03
7.669992158413210326e-04 2.977963869928513759e+03
7.809531185136364337e-04 3.029065255423929557e+03
7.951608824621657834e-04 3.081002913689148954e+03
8.096271261473557369e-04 3.133794094655305798e+03
8.243565520526149317e-04 3.187454126716328119e+03
8.393539482129358346e-04 3.241995355715591359e+03
8.546241897713193272e-04 3.297418924857792717e+03
8.701722405635155082e-04 3.353734192362677732e+03
8.860031547316025383e-04 3.410967542564109408e+03
9.021220783669138630e-04 3.469133835671744237e+03
9.185342511828547196e-04 3.528246432177285442e+03
9.352450082181596814e-04 3.588316385293158419e+03
9.522597815711297603e-04 3.649328999092288541e+03
9.695841021654195762e-04 3.711328469480459262e+03
9.872236015479583272e-04 3.774316364505422825e+03
1.005184013719570731e-03 3.838310498314105189e+03
1.023471176998903354e-03 3.903329516792264712e+03
1.042091035920268260e-03 3.969378589634004584e+03
1.061049643166006237e-03 4.036453968448725846e+03
1.080353161534003880e-03 4.104587949655601733e+03
1.100007865941020346e-03 4.173798350140962611e+03
1.120020145462436367e-03 4.244098090001779383e+03
1.140396505409130030e-03 4.315497019055316741e+03
1.161143569442140474e-03 4.387995822353437688e+03
1.182268081725779563e-03 4.461621206592244562e+03
1.203776909119937686e-03 4.536393022295444098e+03
1.225677043412273662e-03 4.612321212016404388e+03
1.247975603590990466e-03 4.689414152887655291e+03
1.270679838158989732e-03 4.767680246395052563e+03
1.293797127490108707e-03 4.847133655113572786e+03
1.317334986228223953e-03 4.927769715369388905e+03
1.341301065730015436e-03 5.009628928348725822e+03
1.365703156552156234e-03 5.092736874555396753e+03
1.390549190983755108e-03 5.177108083476112370e+03
1.415847245624880920e-03 5.262733217207356574e+03
1.441605544011986383e-03 5.349596097391116928e+03
1.467832459291095685e-03 5.437745764226851861e+03
1.494536516939638099e-03 5.527200064939483127e+03
1.521726397537785614e-03 5.617967621313206109e+03
1.549410939590209870e-03 5.710056318834167541e+03
1.577599142399188420e-03 5.803484641132433353e+03
1.606300168989966727e-03 5.898250945188268815e+03
1.635523349089341256e-03 5.994375509965263518e+03
1.665278182158445083e-03 6.091889665947992398e+03
1.695574340480695760e-03 6.190811119087225052e+03
1.726421672305918737e-03 6.291131985635347519e+03
1.757830205051689977e-03 6.392815873169774932e+03
1.789810148562901533e-03 6.495920439243060173e+03
1.822371898430628434e-03 6.600457088391872276e+03
1.855526039371401025e-03 6.706437985324494548e+03
1.889283348667912315e-03 6.813883799407596598e+03
1.923654799672356013e-03 6.922814229524061375e+03
1.958651565373502844e-03 7.033180680664582724e+03
1.994285022028632545e-03 7.145023224299984577e+03
2.030566752861590052e-03 7.258353004138542929e+03
2.067508551828088018e-03 7.373196973343701757e+03
2.105122427449517258e-03 7.489584768448068644e+03
2.143420606716516918e-03 7.607451838878209855e+03
2.182415539063549490e-03 7.726809789227669171e+03
2.222119900415780395e-03 7.847708262509201631e+03
2.262546597309603950e-03 7.970166009290933289e+03
2.303708771088110261e-03 8.094193811456518233e+03
2.345619802172884284e-03 8.219788180459341675e+03
2.388293314413537840e-03 8.346860795828170012e+03
2.431743179516352837e-03 8.475478771898649939e+03
2.475983521553492845e-03 8.605653410039874871e+03
2.521028721554273606e-03 8.737414555718942211e+03
2.566893422179938791e-03 8.870795005271813352e+03
2.613592532483482739e-03 9.005767432853224818e+03
2.661141232756091858e-03 9.142228915317782594e+03
2.709554979461731641e-03 9.280260022344629760e+03
2.758849510261511279e-03 9.419880378498950449e+03
2.809040849129475128e-03 9.561099779693258824e+03
2.860145311561445615e-03 9.703917144883687797e+03
2.912179509878621078e-03 9.848248919398656653e+03
2.965160358627711400e-03 9.994097352162405514e+03
3.019105080079240774e-03 1.014153203593380204e+04
3.074031209825939682e-03 1.029055905171561972e+04
3.129956602482987689e-03 1.044117915705492123e+04
3.186899437491901629e-03 1.059338408953986800e+04
3.244878225030087531e-03 1.074696636787395983e+04
3.303911812027855201e-03 1.090213784643770123e+04
3.364019388294905554e-03 1.105885404869632839e+04
3.425220492758303866e-03 1.121708017393042428e+04
3.487535019813910002e-03 1.137681017662671366e+04
3.550983225793357713e-03 1.153803494163278447e+04
3.615585735548721910e-03 1.170056374874227731e+04
3.681363549156942572e-03 1.186459960785346266e+04
3.748338048746226604e-03 1.203010138028161418e+04
3.816531005446670635e-03 1.219704526530642215e+04
3.885964586467303538e-03 1.236542937795699254e+04
3.956661362301879675e-03 1.253507016052825929e+04
4.028644314065801639e-03 1.270603895367954283e+04
4.101936840966486156e-03 1.287836745500153665e+04
4.176562767909641240e-03 1.305202175492763308e+04
4.252546353243950861e-03 1.322698971409990554e+04
4.329912296646630868e-03 1.340328451918303836e+04
4.408685747152437870e-03 1.358053434172345260e+04
4.488892311328791275e-03 1.375894885457521195e+04
4.570558061599583680e-03 1.393853354827232943e+04
4.653709544720419609e-03 1.411928176344320491e+04
4.738373790408112810e-03 1.430117847843945674e+04
4.824578320127069324e-03 1.448407855287218263e+04
4.912351156035600803e-03 1.466772199651481242e+04
5.001720830095009521e-03 1.485236256737885742e+04
5.092716393344296974e-03 1.503796486285327046e+04
5.185367425343695783e-03 1.522447875101566024e+04
5.279704043790010327e-03 1.541184565135742741e+04
5.375756914306787163e-03 1.559972958755743093e+04
5.473557260412724793e-03 1.578820377127131906e+04
5.573136873671352513e-03 1.597736697973864102e+04
5.674528124025369699e-03 1.616714823655878172e+04
5.777763970319049064e-03 1.635748594061681433e+04
5.882877971012012881e-03 1.654834601438846221e+04
5.989904295087934011e-03 1.673914031042726492e+04
6.098877733161739596e-03 1.693028466594557176e+04
6.209833708788841528e-03 1.712172461585804922e+04
6.322808289980108576e-03 1.731339477615000214e+04
6.437838200926385319e-03 1.750521367192404068e+04
6.554960833936262360e-03 1.769684562733588245e+04
6.674214261591017439e-03 1.788808112833432460e+04
6.795637249120757215e-03 1.807921373371434674e+04
6.919269267005656761e-03 1.827016454232820251e+04
7.045150503806445370e-03 1.846083557504939017e+04
7.173321879228382672e-03 1.865111238068513194e+04
7.303825057422841556e-03 1.884038733933972617e+04
7.436702460530880687e-03 1.902887172468879362e+04
7.571997282473287398e-03 1.921664100727227560e+04
7.709753502991424298e-03 1.940359862887253621e+04
7.850015901943519989e-03 1.958965742756962936e+04
7.992830073861156154e-03 1.977468413959001191e+04
8.138242442770402332e-03 1.995787616798865929e+04
8.286300277282729679e-03 2.013978391941567679e+04
8.437051705960476808e-03 2.032027291248446272e+04
8.590545732961701528e-03 2.049923933779852086e+04
8.746832253969855087e-03 2.067658926020816580e+04
8.905962072413141362e-03 2.085178906792977432e+04
9.067986915978947307e-03 2.102451654347408476e+04
9.232959453428814245e-03 2.119520808454899816e+04
9.400933311719227026e-03 2.136372694161239633e+04
9.571963093433890138e-03 2.152992656316788998e+04
9.746104394533217086e-03 2.169366019563966620e+04
9.923413822426669154e-03 2.185393764232781541e+04
1.010394901437385203e-02 2.201114196046803045e+04
1.028776865622049903e-02 2.216541967190070136e+04
1.047493250147520615e-02 2.231663050560669581e+04
1.066550139073323480e-02 2.246460288953547933e+04
1.085953727145377856e-02 2.260898119371174471e+04
1.105710321809694544e-02 2.274869630637528462e+04
1.125826345262708091e-02 2.288464353981581371e+04
1.146308336538921606e-02 2.301663308771135416e+04
1.167162953636518598e-02 2.314450648641540829e+04
1.188396975681655331e-02 2.326811770992827223e+04
1.210017305132118047e-02 2.338657076764088561e+04
1.232030970021084568e-02 2.349955178771571445e+04
1.254445126241695782e-02 2.360768035601075462e+04
1.277267059873187817e-02 2.371078572366684602e+04
1.300504189549357356e-02 2.380867465876855204e+04
1.324164068870101706e-02 2.390114577164723596e+04
1.348254388856834698e-02 2.398675336395277554e+04
1.372782980452582312e-02 2.406629133920458844e+04
1.397757817067552845e-02 2.413983398327662508e+04
1.423187017171016755e-02 2.420722168003049592e+04
1.449078846930352236e-02 2.426829321525448904e+04
1.475441722898090599e-02 2.432250144686090789e+04
1.502284214747852745e-02 2.436837850043703293e+04
1.529615048060052954e-02 2.440736662042101671e+04
1.557443107158297015e-02 2.443924581346960258e+04
1.585777437997368949e-02 2.446385424948202126e+04
1.614627251103758002e-02 2.448106195449708684e+04
1.644001924569696987e-02 2.448946969437799635e+04
1.673911007101656218e-02 2.448905943388217929e+04
1.704364221124297918e-02 2.448074688375942424e+04
1.735371465940915153e-02 2.446437120449898794e+04
1.766942820951353937e-02 2.443977042434189570e+04
1.799088548928476708e-02 2.440681053376388081e+04
1.831819099354253105e-02 2.436326779762448132e+04
1.865145111816521317e-02 2.431079244722234580e+04
1.899077419467561437e-02 2.424963973600167083e+04
1.933627052545575792e-02 2.417973113393234962e+04
1.968805241960255858e-02 2.410096873012845390e+04
2.004623422943563674e-02 2.401266750061414496e+04
2.041093238766928872e-02 2.391340489174781032e+04
2.078226544526092998e-02 2.380502215558438911e+04
2.116035410994791810e-02 2.368760727349995068e+04
2.154532128548546088e-02 2.356121890886585970e+04
2.193729211159857126e-02 2.342587273122185070e+04
2.233639400466067362e-02 2.327996190819707044e+04
2.274275669911225012e-02 2.312413678367761531e+04
2.315651228963324162e-02 2.295954736839507314e+04
2.357779527408245326e-02 2.278627989818246715e+04
2.400674259721816833e-02 2.260443170216656290e+04
2.444349369521435500e-02 2.241410284609920200e+04
2.488819054098654476e-02 2.221302506995449221e+04
2.534097769034242970e-02 2.200379023663748012e+04
2.580200232897193052e-02 2.178674831849662951e+04
2.627141432029242440e-02 2.156205670238832317e+04
2.674936625416414818e-02 2.132998719683266609e+04
2.723601349649189957e-02 2.109043598617075622e+04
2.773151423972935320e-02 2.084251616291153550e+04
2.823602955430197167e-02 2.058853593264011215e+04
2.874972344096543217e-02 2.032900228800445257e+04
2.927276288411684996e-02 2.006441283792345348e+04
2.980531790607564985e-02 1.979524280731962426e+04
3.034756162235194635e-02 1.952065304684298826e+04
3.089967029792066097e-02 1.924152434116564473e+04
3.146182340451917497e-02 1.895915694686704592e+04
3.203420367898752313e-02 1.867418898926686597e+04
3.261699718266979769e-02 1.838709526505637405e+04
3.321039336189655911e-02 1.809803575160050605e+04
3.381458510956728697e-02 1.780623353862945805e+04
3.442976882785318132e-02 1.751397282652387003e+04
3.505614449204105115e-02 1.722201195823379385e+04
3.569391571553836434e-02 1.693110906138838618e+04
3.634328981606090719e-02 1.664192105764606458e+04
3.700447788302495961e-02 1.635455595516829089e+04
3.767769484616516340e-02 1.606974073976996806e+04
3.836315954540073236e-02 1.578848147103269730e+04
3.906109480197312439e-02 1.551138191780962370e+04
3.977172749087744263e-02 1.523901047315017240e+04
4.049528861461189344e-02 1.497184229479921305e+04
4.123201337826865737e-02 1.471024301916554577e+04
4.198214126599129209e-02 1.445458145605620302e+04
4.274591611882278680e-02 1.420514566022992221e+04
4.352358621396981014e-02 1.396228540118861565e+04
4.431540434550947788e-02 1.372631195474553897e+04
4.512162790656396028e-02 1.349750852277661033e+04
4.594251897297006032e-02 1.327716676786402786e+04
4.677834438847147669e-02 1.306467910564653721e+04
4.762937585146043151e-02 1.286001907137510352e+04
4.849589000329746630e-02 1.266320977166184639e+04
4.937816851823838976e-02 1.247426798504152430e+04
5.027649819499679928e-02 1.229363695804428608e+04
5.119117104997271406e-02 1.212114148563668459e+04
5.212248441217692818e-02 1.195565449980020276e+04
5.307074101988284998e-02 1.179677698369039535e+04
5.403624911903631006e-02 1.164405598431216094e+04
5.501932256345561101e-02 1.149699651701260700e+04
5.602028091685504890e-02 1.135561683138088665e+04
5.703944955672407557e-02 1.121860196183113840e+04
5.807715978009624774e-02 1.108483444460295141e+04
5.913374891124294208e-02 1.095349990444823743e+04
6.020956041132585757e-02 1.082376727273577671e+04
6.130494399004434575e-02 1.069468896555237370e+04
6.242025571931449079e-02 1.056451308421499562e+04
6.355585814901575092e-02 1.043247350460144116e+04
6.471212042484364435e-02 1.029764289977869885e+04
6.588941840830631058e-02 1.015914685727024153e+04
6.708813479890453346e-02 1.001615123081435740e+04
6.830865925853425724e-02 9.866740149633313194e+03
6.955138853815211186e-02 9.709346295143064708e+03
7.081672660674612207e-02 9.544662563552888969e+03
7.210508478265199861e-02 9.372318400579040826e+03
7.341688186725858767e-02 9.192084837618323945e+03
7.475254428114630478e-02 9.003875440984236775e+03
7.611250620270181011e-02 8.804985296163138628e+03
7.749720970925433328e-02 8.597673394250618003e+03
7.890710492078044369e-02 8.383273047664184560e+03
8.034265014622242462e-02 8.162601914255238626e+03
8.180431203246910088e-02 7.936672578146684828e+03
8.329256571604647108e-02 7.706344572291426630e+03
8.480789497756895112e-02 7.471615916602660036e+03
8.635079239899974557e-02 7.236306249427418152e+03
8.792175952377219439e-02 7.002056438743872604e+03
8.952130701982498329e-02 6.770630487191705470e+03
9.114995484560270422e-02 6.543737663746656835e+03
9.280823241907629195e-02 6.322710100874692216e+03
9.449667878983940283e-02 6.110191935230301169e+03
9.621584281433476216e-02 5.907677518351405524e+03
9.796628333426847524e-02 5.716040866680885301e+03
9.974856935827097759e-02 5.536168943915467935e+03
1.015632802468619950e-01 5.369021726634488914e+03
1.034110059007811722e-01 5.217047058160638699e+03
1.052923469527442119e-01 5.078945278533862620e+03
1.072079149626888606e-01 4.953820013688839026e+03
1.091583326165718459e-01 4.841025118422016021e+03
1.111442339287825876e-01 4.739708267159164279e+03
1.131662644482403085e-01 4.649079129260390800e+03
1.152250814682397734e-01 4.568108629388774716e+03
1.173213542401145143e-01 4.493173244513995996e+03
1.194557641907884188e-01 4.422210319094709121e+03
1.216290051442840969e-01 4.353098262750558206e+03
1.238417835472609974e-01 4.283725286785194839e+03
1.260948186986580177e-01 4.211157966894747915e+03
1.283888429835126355e-01 4.132604927400981978e+03
1.307246021110340384e-01 4.047281270178391424e+03
1.331028553570085537e-01 3.954296538632498596e+03
1.355243758106138563e-01 3.853183860239558271e+03
1.379899506257241670e-01 3.743917363997617485e+03
1.405003812767867122e-01 3.624433124234134084e+03
1.430564838193544852e-01 3.498929464992515932e+03
1.456590891553579126e-01 3.369726012782906764e+03
1.483090433032021316e-01 3.239053180800955943e+03
1.510072076727798640e-01 3.109196849427833968e+03
1.537544593454858166e-01 2.982411852772856037e+03
1.565516913593256454e-01 2.862065905973781810e+03
1.593998129992131307e-01 2.750392652656993050e+03
1.622997500925472680e-01 2.648525883507224080e+03
1.652524453101666957e-01 2.557117884928352851e+03
1.682588584727810199e-01 2.476402631589976409e+03
1.713199668629750150e-01 2.407477148259852584e+03
1.744367655428904484e-01 2.348564430219641054e+03
1.776102676776860900e-01 2.296872753294191625e+03
1.808415048648842893e-01 2.250279185812992637e+03
1.841315274697077342e-01 2.206512476605410029e+03
1.874814049665168569e-01 2.163220043913954669e+03
1.908922262864606312e-01 2.116538300423595956e+03
1.943651001714505333e-01 2.064937276693168315e+03
1.979011555345740747e-01 2.007755899556574377e+03
2.015015418270673930e-01 1.944993254051586064e+03
2.051674294119619768e-01 1.877273188235699081e+03
2.089000099445292302e-01 1.805401061499187335e+03
2.127004967596484164e-01 1.731602074985111813e+03
2.165701252662195486e-01 1.659375242492899815e+03
2.205101533487533183e-01 1.590630887092821695e+03
2.245218617762654856e-01 1.526865878779987725e+03
2.286065546186128450e-01 1.469162336271182994e+03
2.327655596704011065e-01 1.419134549893464964e+03
2.370002288826050518e-01 1.376178848277125098e+03
2.413119388020432687e-01 1.338444886607876242e+03
2.457020910188459084e-01 1.304276079773007496e+03
2.501721126220631253e-01 1.271934608090684833e+03
2.547234566635647179e-01 1.239732590006613236e+03
2.593576026303771598e-01 1.204891108638048536e+03
2.640760569256134782e-01 1.167063605817519374e+03
2.688803533581552996e-01 1.126536481962781409e+03
2.737720536412410199e-01 1.084078602191107393e+03
2.787527479001258301e-01 1.040816994783937162e+03
2.838240551889765206e-01 9.982380114639909152e+02
2.889876240171723176e-01 9.584869959737625322e+02
2.942451328851785064e-01 9.224600096325756340e+02
2.995982908301688674e-01 8.902584506184147131e+02
3.050488379815770590e-01 8.615131062698810638e+02
3.105985461267529724e-01 8.354733956679708626e+02
3.162492192869091334e-01 8.109248999064486725e+02
3.220026943035488309e-01 7.861730961898848591e+02
3.278608414355596024e-01 7.605761585924100245e+02
3.338255649671697523e-01 7.339417359531090597e+02
3.398988038269684098e-01 7.064878672682192473e+02
3.460825322181838581e-01 6.788349301849182211e+02
3.523787602604305236e-01 6.521372661224818330e+02
3.587895346431287935e-01 6.272706788787781989e+02
3.653169392908166557e-01 6.044594609557100284e+02
3.719630960405611586e-01 5.835575235470475945e+02
3.787301653316944572e-01 5.641463263303982103e+02
3.856203469081013746e-01 5.455286590548430468e+02
3.926358805332800794e-01 5.268624218230743281e+02
3.997790467184118013e-01 5.079342237282006067e+02
4.070521674636797815e-01 4.888876727691310293e+02
4.144576070130712719e-01 4.700548705824638205e+02
4.219977726229114934e-01 4.518721012595792104e+02
4.296751153443834070e-01 4.348488301551983000e+02
4.374921308202791015e-01 4.190810880470358484e+02
4.454513600962493047e-01 4.042105293552107810e+02
4.535553904468090924e-01 3.899008192141221798e+02
4.618068562163753499e-01 3.758627422433187917e+02
4.702084396756012197e-01 3.618911536657506645e+02
4.787628718932894767e-01 3.480012270000700596e+02
4.874729336241730993e-01 3.346159580344821620e+02
4.963414562128421470e-01 3.219000079889029280e+02
5.053713225141164278e-01 3.098762806453221401e+02
5.145654678301662122e-01 2.984527088994716451e+02
5.239268808646776465e-01 2.874003609025920127e+02
5.334586046943771143e-01 2.765638868211379986e+02
5.431637377582348991e-01 2.659966453561702906e+02
5.530454348646605123e-01 2.557787344912793230e+02
5.631069082170223616e-01 2.459693827070807970e+02
5.733514284578283826e-01 2.365890542317216045e+02
5.837823257318991432e-01 2.275949137985733159e+02
5.944029907688848091e-01 2.189087892040394934e+02
6.052168759854743563e-01 2.105053544282681912e+02
6.162274966076619620e-01 2.023807133380028347e+02
6.274384318134254013e-01 1.945409883487530749e+02
6.388533258961933692e-01 1.869959941522870395e+02
6.504758894494848676e-01 1.797426377584197894e+02
6.623099005730950228e-01 1.727636498025850642e+02
6.743592061012246841e-01 1.660426226225331447e+02
6.866277228529591437e-01 1.595667832448049523e+02
6.991194389054908864e-01 1.533267942160935320e+02
7.118384148905058106e-01 1.473155700025987187e+02
7.247887853141601333e-01 1.415284066533971838e+02
7.379747599010648695e-01 1.359588857018136139e+02
7.514006249627259715e-01 1.305991897957748620e+02
7.650707447908745573e-01 1.254415273386050984e+02
7.789895630761547451e-01 1.204781527699024650e+02
7.931616043526137361e-01 1.156997074557131810e+02
8.075914754684712094e-01 1.111014166210590304e+02
8.222838670836538633e-01 1.066775015197473095e+02
8.372435551945670573e-01 1.024222437340543763e+02
8.524754026866058210e-01 9.832992525605878598e+01
8.679843609149188177e-01 9.439400611687450748e+01
8.837754713139223117e-01 9.060800029605306349e+01
8.998538670360967107e-01 8.696769143581245487e+01
9.162247746206046983e-01 8.346771588952984189e+01
9.328935156922580907e-01 8.010290653579409081e+01
9.498655086913979639e-01 7.686830109114637821e+01
9.671462706352423888e-01 7.375847640601482169e+01
9.847414189112857485e-01 7.076911923444716024e+01
1.002656673103317075e+00 6.789627188964296067e+01
1.020897856850663477e+00 6.513565436350124571e+01
1.039470899741254284e+00 6.248313452311852245e+01
1.058381839239129318e+00 5.993467985853884983e+01
1.077636822647020098e+00 5.748542571916909338e+01
1.097242109104616281e+00 5.513262204213903317e+01
1.117204071623204564e+00 5.287268744968908152e+01
1.137529199157325532e+00 5.070211866507682430e+01
1.158224098714097927e+00 4.861757675987639971e+01
1.179295497500937762e+00 4.661569431243597705e+01
1.200750245112352843e+00 4.469281333716195803e+01
1.222595315756498158e+00 4.284661680785453086e+01
1.244837810522259947e+00 4.107416440308098515e+01
1.267484959687586565e+00 3.937263163477844330e+01
1.290544125069789771e+00 3.773930804825662477e+01
1.314022802418629343e+00 3.617121674923205887e+01
1.337928623852933541e+00 3.466598305162329297e+01
1.362269360341522129e+00 3.322147900378388385e+01
1.387052924229306816e+00 3.183532303912782524e+01
1.412287371809304970e+00 3.050522324910918215e+01
1.437980905941474319e+00 2.922900653727903020e+01
1.464141878719193102e+00 2.800419035818249469e+01
1.490778794184223655e+00 2.682916914278006004e+01
1.517900311091094689e+00 2.570200777436152606e+01
1.545515245721778452e+00 2.462083783891516475e+01
1.573632574751544055e+00 2.358385921821026798e+01
1.602261438166979080e+00 2.258921357607495750e+01
1.631411142237097822e+00 2.163514058048839672e+01
1.661091162538472332e+00 2.072024056280637083e+01
1.691311147035430507e+00 1.984296443036798152e+01
1.722080919216290917e+00 1.900181918985500218e+01
1.753410481286623579e+00 1.819536653069260979e+01
1.785310017420636663e+00 1.742208481479532622e+01
1.817789897071716787e+00 1.668072653669686645e+01
1.850860678343162258e+00 1.597009534365158601e+01
1.884533111420275020e+00 1.528896287481906668e+01
1.918818142064890653e+00 1.463614591979100510e+01
1.953726915173450651e+00 1.401049917649389265e+01
1.989270778399840234e+00 1.341073657484585802e+01
2.025461285844135872e+00 1.283602920075684395e+01
2.062310201808426502e+00 1.228535164396392254e+01
2.099829504620999376e+00 1.175772705278230390e+01
2.138031390530099607e+00 1.125221999530173100e+01
2.176928277668485734e+00 1.076787665982768871e+01
2.216532810090176664e+00 1.030380656451462329e+01
2.256857861880572358e+00 9.859274616978831673e+00
2.297916541341392893e+00 9.433484625323851347e+00
2.339722195251757952e+00 9.025670145797791477e+00
2.382288413206739008e+00 8.635092580934573547e+00
2.425629032034890553e+00 8.260961846361933425e+00
2.469758140296145932e+00 7.902662255216776011e+00
2.514690082861498865e+00 7.559562099989163286e+00
2.560439465576048956e+00 7.231036258944846473e+00
2.607021160006877558e+00 6.916483598323964976e+00
2.654450308277259918e+00 6.615315238311910484e+00
2.702742327988867821e+00 6.326915273544233997e+00
2.751912917233522826e+00 6.050827717943562334e+00
2.801978059696081491e+00 5.786542737097990496e+00
2.852954029850200968e+00 5.533566860097687723e+00
2.904857398248635203e+00 5.291425374155981132e+00
2.957705036909722196e+00 5.059643374257861481e+00
3.011514124801920822e+00 4.837782328749255178e+00
3.066302153428126953e+00 4.625459109968525162e+00
3.122086932511527912e+00 4.422273679952340331e+00
3.178886595784957247e+00 4.227841820469143919e+00
3.236719606885571920e+00 4.041794358878125770e+00
3.295604765356715760e+00 3.863745649753943745e+00
3.355561212759026635e+00 3.693384381952748985e+00
3.416608438892731137e+00 3.530396465911796788e+00
3.478766288133063878e+00 3.374469283408053855e+00
3.542054965881055395e+00 3.225303356168441660e+00
3.606495045131572041e+00 3.082609249412357588e+00
3.672107473160914903e+00 2.946089540636791071e+00
3.738913578336090726e+00 2.815507892916358390e+00
3.806935077047892690e+00 2.690611906586858559e+00
3.876194080770182016e+00 2.571159430744744956e+00
3.946713103247599275e+00 2.456918841241996443e+00
4.018515067813969388e+00 2.347660707047142026e+00
4.091623314843920944e+00 2.243165480176045001e+00
4.166061609340070859e+00 2.143241640003600512e+00
4.241854148658170232e+00 2.047695462351283080e+00
4.319025570372864387e+00 1.956339275572893444e+00
4.397600960286556671e+00 1.868990786931417514e+00
4.477605860583897091e+00 1.785465000819957515e+00
4.559066278134701555e+00 1.705611232992806814e+00
4.642008692947928949e+00 1.629272549224723976e+00
4.726460066779375246e+00 1.556296309077387363e+00
4.812447851896049400e+00 1.486536879984222015e+00
4.900000000000001243e+00 1.419853150015243370e+00
