# k[h/Mpc]    Pk[Mpc^3/h^3] (CDM+baryons, z=0, sum m_nu = 0.4 eV)
1.476189070296123453e-03 7.608138513198851797e+03
1.620115682284336981e-03 8.279370023985531589e+03
1.778074961263001203e-03 9.003016889927306693e+03
1.951435074940256536e-03 9.781578428677925331e+03
2.141697585686782191e-03 1.061728088122202280e+04
2.350510456350701684e-03 1.151196593959618258e+04
2.579682324123413681e-03 1.246695611503523651e+04
2.831198166089705839e-03 1.348289603717439240e+04
3.107236492149655863e-03 1.455957122346075448e+04
3.410188214229223098e-03 1.569570549899536491e+04
3.742677355215540385e-03 1.688873059890971854e+04
4.107583776987873934e-03 1.813454414760404325e+04
4.508068124403494942e-03 1.942725262416213445e+04
4.947599201291430146e-03 2.075889204432640327e+04
5.429984015571778788e-03 2.211924363206049020e+04
5.959400753737051186e-03 2.349581539778806837e+04
6.540434970304806472e-03 2.487302939205614530e+04
7.178119305697135306e-03 2.623300019212799816e+04
7.877977076564483469e-03 2.755473270296521878e+04
8.646070116112113471e-03 2.881458509375481299e+04
9.489051278799443684e-03 2.998628761165031028e+04
1.041422206418269984e-02 3.104131172287792651e+04
1.142959585901105572e-02 3.194729512755106771e+04
1.254396734534918810e-02 3.267419844267497319e+04
1.376698867590593622e-02 3.318602115044592210e+04
1.510925307636364762e-02 3.345062760605617950e+04
1.658238659883126687e-02 3.343438459333695209e+04
1.819914882114591348e-02 3.311040552736400423e+04
1.997354336423205062e-02 3.245675937045770115e+04
2.192093918476668846e-02 3.146415866910775003e+04
2.405820369372980300e-02 3.013998664747917792e+04
2.640384885384894353e-02 2.851467991888357938e+04
2.897819152136446239e-02 2.664285842048790073e+04
3.180352942091884544e-02 2.460464411256082894e+04
3.490433427778052294e-02 2.250162166759573665e+04
3.830746378022108906e-02 2.044860051079816185e+04
4.204239420796258841e-02 1.855705060266251166e+04
4.614147574161135690e-02 1.691450415676329067e+04
5.064021266444626579e-02 1.556268770754872094e+04
5.557757088353561248e-02 1.447555210376076138e+04
6.099631543378315757e-02 1.354762989046436087e+04
6.694338088820206423e-02 1.260688303034912860e+04
7.347027788273317872e-02 1.147450028430782731e+04
8.063353927673146126e-02 1.007444676530308789e+04
8.849520981354863647e-02 8.528434265368669003e+03
9.712338352241861594e-02 7.123247061136508819e+03
1.065927935163630685e-01 6.116871876182201959e+03
1.169854592946647093e-01 5.521944280519487620e+03
1.283913971565326384e-01 5.052815913200151954e+03
1.409093998792232683e-01 4.376441158512208858e+03
1.546478924138149358e-01 3.551089037541456946e+03
1.697258710102649559e-01 2.949174334546172304e+03
1.862739339059993615e-01 2.634071823105176918e+03
2.044354125053693405e-01 2.271443677277324241e+03
2.243676128477066767e-01 1.829581091278956819e+03
2.462431781169819311e-01 1.560704433231977873e+03
2.702515839944745757e-01 1.331473597197562867e+03
2.966007798064786982e-01 1.082699591808494461e+03
3.255189896818879713e-01 9.193870928139274383e+02
3.572566893204191518e-01 7.528466129971106966e+02
3.920887754932961267e-01 6.281538756091521236e+02
4.303169470675767827e-01 5.150485405065303439e+02
4.722723181774061141e-01 4.250568453025863391e+02
5.183182861762473115e-01 3.485601924281174320e+02
5.688536792109076812e-01 2.851139103739589586e+02
6.243162106801539712e-01 2.328404281695706857e+02
6.851862704987721209e-01 1.897054207665096897e+02
7.519910860051932655e-01 1.542127248016423664e+02
8.253092885524826450e-01 1.250996331255244627e+02
9.057759253363018015e-01 1.012764975242632630e+02
9.940879598699223774e-01 8.183654198557879056e+01
1.091010308748750157e+00 6.600526364954610870e+01
1.197382466991950833e+00 5.314316897623071156e+01
1.314125779346696499e+00 4.271571443473469287e+01
1.442251420535599182e+00 3.427840338858475633e+01
1.582869153568427611e+00 2.746474637820148246e+01
1.737196941978387255e+00 2.197309142996419951e+01
1.906571499239591461e+00 1.755398789183011132e+01
2.092459866739697638e+00 1.400450457198102328e+01
2.296472120590582033e+00 1.115793202934240824e+01
2.520375317337386178e+00 8.878643021121856549e+00
2.766108799356949977e+00 7.056324314963783984e+00
3.035800992513733476e+00 5.601417359092699222e+00
3.331787841566415942e+00 4.441473474818610434e+00
3.656633043003914008e+00 3.517879362758719264e+00
4.013150250557915300e+00 2.783416738270515722e+00
4.404427445725458412e+00 2.200078804265741539e+00
4.833853684387428018e+00 1.737282703137895901e+00
5.305148451189261039e+00 1.370554968598443724e+00
5.822393875937615704e+00 1.080254319627978798e+00
6.390070091055861212e+00 8.506990821686786219e-01
7.013094036347905735e+00 6.693582978462557787e-01
7.696862047178544053e+00 5.262413491161648249e-01
8.447296594948804582e+00 4.133964283104117343e-01
9.270897584710015238e+00 3.245018819072164051e-01
1.017479865423179319e+01 2.545323803036359522e-01
1.116682896215979781e+01 1.995077073614599517e-01
1.225558100044249166e+01 1.562682563323826435e-01
1.345048501838578048e+01 1.223185796298695421e-01
1.476189070296123518e+01 9.568162440261029911e-02
