# k[h/Mpc]    Pk[Mpc^3/h^3] (CDM+baryons, z=0, sum m_nu = 0.15 eV)
1.000000000000000048e-04 4.456120167439963211e+02
1.018192851288654056e-04 4.534039928312316192e+02
1.036716682415320324e-04 4.613320931935850808e+02
1.055577514846969182e-04 4.693986897781312564e+02
1.074781479598227148e-04 4.776061951713673466e+02
1.094334819224358437e-04 4.859570622773576929e+02
1.114243889850503427e-04 4.944537861686312681e+02
1.134515163237845173e-04 5.030989050701252836e+02
1.155155228887354377e-04 5.118950010987381916e+02
1.176170796181814416e-04 5.208447010153913652e+02
1.197568696566808123e-04 5.299506769898251832e+02
1.219355885771395451e-04 5.392156473783376214e+02
1.241539446069180779e-04 5.486423775146719208e+02
1.264126588580515400e-04 5.582336805142845151e+02
1.287124655616594384e-04 5.679924180922090500e+02
1.310541123066188615e-04 5.779215013947469970e+02
1.334383602825797493e-04 5.880238918169227418e+02
1.358659845274025704e-04 5.983026002353777812e+02
1.383377741790963323e-04 6.087606868549382853e+02
1.408545327323400568e-04 6.194012642594849467e+02
1.434170782996723684e-04 6.302274985074618598e+02
1.460262438774317321e-04 6.412426100371976645e+02
1.486828776165345905e-04 6.524498745872557492e+02
1.513878430981813628e-04 6.638526241320596455e+02
1.541420196145766618e-04 6.754542478330058657e+02
1.569463024547576211e-04 6.872581930053615906e+02
1.598016031956211612e-04 6.992679661011582084e+02
1.627088499982476107e-04 7.114871337083678782e+02
1.656689879096138421e-04 7.239193235666177770e+02
1.686829791697952625e-04 7.365682253452145005e+02
1.717518035247584925e-04 7.494375875196080870e+02
1.748764585448427458e-04 7.625312187833276312e+02
1.780579599490355648e-04 7.758529924938765134e+02
1.812973419351494885e-04 7.894068478586269748e+02
1.845956575160039546e-04 8.031967910280503702e+02
1.879539788617241337e-04 8.172268962065230653e+02
1.913733976482663102e-04 8.315013067809112499e+02
1.948550254122856829e-04 8.460242364672722033e+02
1.983999939124585297e-04 8.607999704759137103e+02
2.020094554973777819e-04 8.758328666950641264e+02
2.056845834801435461e-04 8.911273568935214371e+02
2.094265725197667807e-04 9.066879479424724195e+02
2.132366390095114320e-04 9.225192217346641428e+02
2.171160214723039149e-04 9.386258276290297999e+02
2.210659809633339990e-04 9.550124884495139668e+02
2.250878014799803737e-04 9.716840060293534407e+02
2.291827903791957422e-04 9.886452625050824281e+02
2.333522788024834985e-04 1.005901221608300830e+03
2.375976221086056330e-04 1.023456929977040318e+03
2.419202003141653350e-04 1.041317518486968083e+03
2.463214185422023359e-04 1.059488203602749991e+03
2.508027074789512386e-04 1.077974288749805055e+03
2.553655238389076002e-04 1.096781165706762749e+03
2.600113508383580818e-04 1.115914316018894851e+03
2.647416986775227160e-04 1.135379312432727147e+03
2.695581050314685314e-04 1.155181815183291974e+03
2.744621355499574371e-04 1.175327558788523220e+03
2.794553843663845458e-04 1.195822367072862335e+03
2.845394746159758551e-04 1.216672158888118929e+03
2.897160589634161019e-04 1.237882949567446985e+03
2.949868201400724570e-04 1.259460852399263786e+03
3.003534714909940903e-04 1.281412080121365989e+03
3.058177575318607564e-04 1.303742946435443400e+03
3.113814545160675839e-04 1.326459867542232587e+03
3.170463710121235027e-04 1.349569363697507015e+03
3.228143484915545593e-04 1.373078060789167239e+03
3.286872619275051630e-04 1.396992691935629409e+03
3.346670204042274878e-04 1.421320098969834362e+03
3.407555677376585749e-04 1.446067218138090993e+03
3.469548831072907032e-04 1.471241065318204164e+03
3.532669816995344099e-04 1.496848763246679709e+03
3.596939153627857458e-04 1.522897546450493337e+03
3.662377732744146039e-04 1.549394762818119943e+03
3.729006826198842401e-04 1.576347875188143007e+03
3.796848092842254412e-04 1.603764462955591398e+03
3.865923585560943217e-04 1.631652223696082274e+03
3.936255758446357959e-04 1.660018974807777795e+03
4.007867474093881042e-04 1.688872655171359156e+03
4.080782011034704971e-04 1.718221326828038173e+03
4.155023071302878300e-04 1.748073176675595732e+03
4.230614788140018689e-04 1.778436516611442357e+03
4.307581733840231200e-04 1.809319746810987226e+03
4.385948927737709220e-04 1.840731352144740185e+03
4.465741844339673225e-04 1.872679941314779853e+03
4.546986421607269535e-04 1.905174250282033427e+03
4.629709069387099988e-04 1.938223143804803613e+03
4.713936677996192776e-04 1.971835616987277490e+03
4.799696626963114669e-04 2.006020796837670332e+03
4.887016793928109122e-04 2.040787943835865462e+03
4.975925563705199022e-04 2.076146453510448282e+03
5.066451837509105497e-04 2.112105858024795452e+03
5.158625042350036471e-04 2.148675827772066896e+03
5.252475140599437630e-04 2.185866172978924624e+03
5.348032639729722064e-04 2.223686837345387630e+03
5.445328602231193230e-04 2.262147826635013189e+03
5.544394655709439885e-04 2.301259238359333267e+03
5.645263003166376423e-04 2.341031306166698869e+03
5.747966433468323271e-04 2.381474401602928992e+03
5.852538332004588112e-04 2.422599035343719606e+03
5.959012691539901374e-04 2.464415858420798031e+03
6.067424123264289265e-04 2.506935663441346605e+03
6.177807868044028370e-04 2.550169385799852535e+03
6.290199807877237988e-04 2.594128104881956915e+03
6.404636477557869127e-04 2.638823045259467563e+03
6.521155076551968374e-04 2.684265577875999497e+03
6.639793481089937589e-04 2.730467221222384069e+03
6.760590256478781488e-04 2.777439611695350322e+03
6.883584669638424022e-04 2.825194383389372433e+03
7.008816701866015138e-04 2.873743263253276837e+03
7.136327061832506164e-04 2.923098114186213479e+03
7.266157198815622470e-04 2.973270935494614605e+03
7.398349316173659113e-04 3.024273863306801104e+03
7.532946385064322441e-04 3.076119170951904380e+03
7.669992158413210326e-04 3.128819269301764962e+03
7.809531185136364337e-04 3.182386707074585956e+03
7.951608824621657834e-04 3.236834171099041214e+03
8.096271261473557369e-04 3.292174486537561279e+03
8.243565520526149317e-04 3.348420617067327385e+03
8.393539482129358346e-04 3.405585664749722127e+03
8.546241897713193272e-04 3.463682780979715062e+03
8.701722405635155082e-04 3.522725028330960413e+03
8.860031547316025383e-04 3.582725553058474361e+03
9.021220783669138630e-04 3.643697615545740064e+03
9.185342511828547196e-04 3.705654589220342586e+03
9.352450082181596814e-04 3.768609959390337735e+03
9.522597815711297603e-04 3.832577321999598553e+03
9.695841021654195762e-04 3.897570382299910762e+03
9.872236015479583272e-04 3.963602953438256463e+03
1.005184013719570731e-03 4.030688954956933230e+03
1.023471176998903354e-03 4.098842411204829659e+03
1.042091035920268260e-03 4.168077449657725083e+03
1.061049643166006237e-03 4.238408291529318376e+03
1.080353161534003880e-03 4.309848951456154282e+03
1.100007865941020346e-03 4.382413114230724204e+03
1.120020145462436367e-03 4.456114482955376843e+03
1.140396505409130030e-03 4.530966800968305506e+03
1.161143569442140474e-03 4.606983847539591807e+03
1.182268081725779563e-03 4.684179433412921753e+03
1.203776909119937686e-03 4.762567396190575892e+03
1.225677043412273662e-03 4.842161595559616217e+03
1.247975603590990466e-03 4.922975908356618675e+03
1.270679838158989732e-03 5.005024223469125900e+03
1.293797127490108707e-03 5.088320436571277241e+03
1.317334986228223953e-03 5.172878444691846198e+03
1.341301065730015436e-03 5.258712118057059342e+03
1.365703156552156234e-03 5.345835005507668939e+03
1.390549190983755108e-03 5.434260391565087048e+03
1.415847245624880920e-03 5.524001495797271673e+03
1.441605544011986383e-03 5.615071469835093012e+03
1.467832459291095685e-03 5.707483389461642219e+03
1.494536516939638099e-03 5.801250246492840233e+03
1.521726397537785614e-03 5.896384940448112502e+03
1.549410939590209870e-03 5.992900270009854466e+03
1.577599142399188420e-03 6.090808924270943862e+03
1.606300168989966727e-03 6.190123473769221164e+03
1.635523349089341256e-03 6.290856361308362466e+03
1.665278182158445083e-03 6.393019892564591828e+03
1.695574340480695760e-03 6.496626108369724534e+03
1.726421672305918737e-03 6.601686139434411416e+03
1.757830205051689977e-03 6.708210603075823201e+03
1.789810148562901533e-03 6.816209862443533893e+03
1.822371898430628434e-03 6.925694014009504826e+03
1.855526039371401025e-03 7.036672874239789053e+03
1.889283348667912315e-03 7.149155966018696745e+03
1.923654799672356013e-03 7.263152504828470228e+03
1.958651565373502844e-03 7.378671384687373575e+03
1.994285022028632545e-03 7.495721163849687400e+03
2.030566752861590052e-03 7.614310050271439650e+03
2.067508551828088018e-03 7.734445886846176109e+03
2.105122427449517258e-03 7.856136136335237097e+03
2.143420606716516918e-03 7.979387689692593085e+03
2.182415539063549490e-03 8.104206456999577313e+03
2.222119900415780395e-03 8.230597765356842501e+03
2.262546597309603950e-03 8.358566445120653952e+03
2.303708771088110261e-03 8.488116812208758347e+03
2.345619802172884284e-03 8.619252650208976775e+03
2.388293314413537840e-03 8.751977192300402749e+03
2.431743179516352837e-03 8.886293102997256938e+03
2.475983521553492845e-03 9.022202459725927838e+03
2.521028721554273606e-03 9.159706734246985434e+03
2.566893422179938791e-03 9.298806773933796649e+03
2.613592532483482739e-03 9.439502782920184472e+03
2.661141232756091858e-03 9.581794299408622464e+03
2.709554979461731641e-03 9.725679914738995649e+03
2.758849510261511279e-03 9.871157061960424471e+03
2.809040849129475128e-03 1.001822236997081745e+04
2.860145311561445615e-03 1.016687168220155399e+04
2.912179509878621078e-03 1.031710003607362523e+04
2.965160358627711400e-03 1.046890164243792970e+04
3.019105080079240774e-03 1.062226986501911597e+04
3.074031209825939682e-03 1.077719719988464749e+04
3.129956602482987689e-03 1.093367525495943846e+04
3.186899437491901629e-03 1.109169472960888743e+04
3.244878225030087531e-03 1.125124539431286212e+04
3.303911812027855201e-03 1.141231607045417149e+04
3.364019388294905554e-03 1.157489456004650492e+04
3.425220492758303866e-03 1.173896669983393986e+04
3.487535019813910002e-03 1.190451637282833690e+04
3.550983225793357713e-03 1.207152629285549483e+04
3.615585735548721910e-03 1.223997801319559767e+04
3.681363549156942572e-03 1.240985190529561623e+04
3.748338048746226604e-03 1.258112713785031156e+04
3.816531005446670635e-03 1.275378165628760325e+04
3.885964586467303538e-03 1.292779216269502103e+04
3.956661362301879675e-03 1.310313409622476320e+04
4.028644314065801639e-03 1.327978161401610851e+04
4.101936840966486156e-03 1.345770757267338740e+04
4.176562767909641240e-03 1.363688351034001062e+04
4.252546353243950861e-03 1.381727932958795463e+04
4.329912296646630868e-03 1.399886108694387440e+04
4.408685747152437870e-03 1.418159210070741756e+04
4.488892311328791275e-03 1.436543408631260718e+04
4.570558061599583680e-03 1.455034714693956812e+04
4.653709544720419609e-03 1.473628975725952841e+04
4.738373790408112810e-03 1.492321874831364039e+04
4.824578320127069324e-03 1.511108929358440764e+04
4.912351156035600803e-03 1.529985489632044664e+04
5.001720830095009521e-03 1.548946737817374560e+04
5.092716393344296974e-03 1.567987686921045133e+04
5.185367425343695783e-03 1.587103179935548178e+04
5.279704043790010327e-03 1.606287889133153658e+04
5.375756914306787163e-03 1.625536213111713005e+04
5.473557260412724793e-03 1.644841957302197989e+04
5.573136873671352513e-03 1.664198624807226952e+04
5.674528124025369699e-03 1.683599517209915939e+04
5.777763970319049064e-03 1.703037734583387282e+04
5.882877971012012881e-03 1.722506175737665399e+04
5.989904295087934011e-03 1.741997538712383539e+04
6.098877733161739596e-03 1.761504321523316685e+04
6.209833708788841528e-03 1.781018823170797259e+04
6.322808289980108576e-03 1.800533144917844038e+04
6.437838200926385319e-03 1.820039191845632376e+04
6.554960833936262360e-03 1.839528674693853827e+04
6.674214261591017439e-03 1.858993109913388616e+04
6.795637249120757215e-03 1.878423500421591962e+04
6.919269267005656761e-03 1.897809971833237068e+04
7.045150503806445370e-03 1.917142340061604409e+04
7.173321879228382672e-03 1.936410196399526831e+04
7.303825057422841556e-03 1.955602911699407559e+04
7.436702460530880687e-03 1.974709641001751152e+04
7.571997282473287398e-03 1.993719328621243403e+04
7.709753502991424298e-03 2.012620713698145846e+04
7.850015901943519989e-03 2.031402336222691156e+04
7.992830073861156154e-03 2.050052543539080216e+04
8.138242442770402332e-03 2.068559497335121705e+04
8.286300277282729679e-03 2.086911181122696507e+04
8.437051705960476808e-03 2.105095379283563670e+04
8.590545732961701528e-03 2.123098878766448252e+04
8.746832253969855087e-03 2.140907339708666041e+04
8.905962072413141362e-03 2.158506169170361682e+04
9.067986915978947307e-03 2.175880582015504842e+04
9.232959453428814245e-03 2.193015613622309684e+04
9.400933311719227026e-03 2.209896133342833491e+04
9.571963093433890138e-03 2.226506858712468238e+04
9.746104394533217086e-03 2.242832370408163115e+04
9.923413822426669154e-03 2.258857127952273731e+04
1.010394901437385203e-02 2.274565486156989209e+04
1.028776865622049903e-02 2.289941712302030646e+04
1.047493250147520615e-02 2.304970004036242244e+04
1.066550139073323480e-02 2.319634378945561548e+04
1.085953727145377856e-02 2.333917402999679689e+04
1.105710321809694544e-02 2.347800716733192166e+04
1.125826345262708091e-02 2.361265902682278102e+04
1.146308336538921606e-02 2.374294523896378087e+04
1.167162953636518598e-02 2.386868150833261825e+04
1.188396975681655331e-02 2.398968389199786179e+04
1.210017305132118047e-02 2.410576908705634560e+04
1.232030970021084568e-02 2.421675472693017582e+04
1.254445126241695782e-02 2.432245968601119239e+04
1.277267059873187817e-02 2.442270439219834589e+04
1.300504189549357356e-02 2.451731114682905172e+04
1.324164068870101706e-02 2.460610445146346319e+04
1.348254388856834698e-02 2.468890591869920900e+04
1.372782980452582312e-02 2.476551168736096952e+04
1.397757817067552845e-02 2.483571155031075978e+04
1.423187017171016755e-02 2.489929848025216779e+04
1.449078846930352236e-02 2.495606910523728584e+04
1.475441722898090599e-02 2.500582418823235639e+04
1.502284214747852745e-02 2.504836911429029351e+04
1.529615048060052954e-02 2.508351438412289644e+04
1.557443107158297015e-02 2.511107611278405238e+04
1.585777437997368949e-02 2.513087653210244753e+04
1.614627251103758002e-02 2.514274449542532966e+04
1.644001924569696987e-02 2.514651598316660602e+04
1.673911007101656218e-02 2.514203459670252414e+04
1.704364221124297918e-02 2.512914642257088053e+04
1.735371465940915153e-02 2.510769133744248029e+04
1.766942820951353937e-02 2.507751603886131488e+04
1.799088548928476708e-02 2.503847703167932195e+04
1.831819099354253105e-02 2.499044118629240984e+04
1.865145111816521317e-02 2.493328628735300299e+04
1.899077419467561437e-02 2.486690157067902328e+04
1.933627052545575792e-02 2.479118824603526809e+04
1.968805241960255858e-02 2.470606000342620246e+04
2.004623422943563674e-02 2.461144350051225047e+04
2.041093238766928872e-02 2.450727882874854186e+04
2.078226544526092998e-02 2.439351995583849930e+04
2.116035410994791810e-02 2.427013571962857168e+04
2.154532128548546088e-02 2.413713642673716095e+04
2.193729211159857126e-02 2.399458420010634654e+04
2.233639400466067362e-02 2.384255760670698510e+04
2.274275669911225012e-02 2.368114882707622019e+04
2.315651228963324162e-02 2.351046364475982409e+04
2.357779527408245326e-02 2.333062140210645521e+04
2.400674259721816833e-02 2.314175492190981458e+04
2.444349369521435500e-02 2.294401039450916142e+04
2.488819054098654476e-02 2.273754723007675057e+04
2.534097769034242970e-02 2.252253787594390087e+04
2.580200232897193052e-02 2.229916759894293136e+04
2.627141432029242440e-02 2.206763423287085607e+04
2.674936625416414818e-02 2.182815894040229614e+04
2.723601349649189957e-02 2.158113825378397087e+04
2.773151423972935320e-02 2.132709696626685036e+04
2.823602955430197167e-02 2.106655933173560334e+04
2.874972344096543217e-02 2.080004442253670277e+04
2.927276288411684996e-02 2.052806490491150907e+04
2.980531790607564985e-02 2.025112589452999600e+04
3.034756162235194635e-02 1.996972389305073739e+04
3.089967029792066097e-02 1.968434580615053710e+04
3.146182340451917497e-02 1.939546804301048905e+04
3.203420367898752313e-02 1.910355569681960333e+04
3.261699718266979769e-02 1.880906180545807365e+04
3.321039336189655911e-02 1.851242669115702665e+04
3.381458510956728697e-02 1.821412908602397511e+04
3.442976882785318132e-02 1.791494353215677984e+04
3.505614449204105115e-02 1.761572295862026294e+04
3.569391571553836434e-02 1.731727362076362988e+04
3.634328981606090719e-02 1.702035488433779392e+04
3.700447788302495961e-02 1.672567959045810130e+04
3.767769484616516340e-02 1.643391473136390050e+04
3.836315954540073236e-02 1.614568240559276455e+04
3.906109480197312439e-02 1.586156102201616523e+04
3.977172749087744263e-02 1.558208672330899572e+04
4.049528861461189344e-02 1.530775500079862650e+04
4.123201337826865737e-02 1.503902247421324319e+04
4.198214126599129209e-02 1.477631036280767876e+04
4.274591611882278680e-02 1.452001434396434161e+04
4.352358621396981014e-02 1.427050013826791292e+04
4.431540434550947788e-02 1.402810196255302617e+04
4.512162790656396028e-02 1.379312487103109197e+04
4.594251897297006032e-02 1.356584715525244974e+04
4.677834438847147669e-02 1.334652278166121141e+04
4.762937585146043151e-02 1.313538385546263999e+04
4.849589000329746630e-02 1.293263469915027599e+04
4.937816851823838976e-02 1.273821601827752420e+04
5.027649819499679928e-02 1.255178946057689245e+04
5.119117104997271406e-02 1.237301865462033129e+04
5.212248441217692818e-02 1.220158424313623436e+04
5.307074101988284998e-02 1.203718286996406459e+04
5.403624911903631006e-02 1.187942160318363676e+04
5.501932256345561101e-02 1.172757844506173569e+04
5.602028091685504890e-02 1.158089443026336812e+04
5.703944955672407557e-02 1.143864695118624695e+04
5.807715978009624774e-02 1.130007925018497008e+04
5.913374891124294208e-02 1.116417791864782521e+04
6.020956041132585757e-02 1.102989815682575136e+04
6.130494399004434575e-02 1.089623578060421096e+04
6.242025571931449079e-02 1.076209441531412085e+04
6.355585814901575092e-02 1.062631500761720235e+04
6.471212042484364435e-02 1.048779393021879878e+04
6.588941840830631058e-02 1.034543966272055695e+04
6.708813479890453346e-02 1.019818742754946106e+04
6.830865925853425724e-02 1.004505505745034316e+04
6.955138853815211186e-02 9.885181375748716164e+03
7.081672660674612207e-02 9.717809041480491942e+03
7.210508478265199861e-02 9.542350841382076396e+03
7.341688186725858767e-02 9.358444639210065361e+03
7.475254428114630478e-02 9.165873963259859011e+03
7.611250620270181011e-02 8.964743779641878064e+03
7.749720970925433328e-02 8.755325712356720032e+03
7.890710492078044369e-02 8.538210455104259381e+03
8.034265014622242462e-02 8.314217428295442005e+03
8.180431203246910088e-02 8.084421200400154703e+03
8.329256571604647108e-02 7.850170611341553013e+03
8.480789497756895112e-02 7.612960202378060785e+03
8.635079239899974557e-02 7.374522308273091767e+03
8.792175952377219439e-02 7.136639574859546883e+03
8.952130701982498329e-02 6.901269486217349368e+03
9.114995484560270422e-02 6.670307857382459588e+03
9.280823241907629195e-02 6.445681984303836543e+03
9.449667878983940283e-02 6.229164347934451143e+03
9.621584281433476216e-02 6.022426525980253246e+03
9.796628333426847524e-02 5.826885643468891431e+03
9.974856935827097759e-02 5.643686258295303560e+03
1.015632802468619950e-01 5.473695403897021606e+03
1.034110059007811722e-01 5.317480180014660618e+03
1.052923469527442119e-01 5.175201971912087174e+03
1.072079149626888606e-01 5.046564184315910097e+03
1.091583326165718459e-01 4.930916819543597740e+03
1.111442339287825876e-01 4.827275226016199667e+03
1.131662644482403085e-01 4.734223012162315172e+03
1.152250814682397734e-01 4.650023265970756256e+03
1.173213542401145143e-01 4.572587135337735162e+03
1.194557641907884188e-01 4.499651041542440908e+03
1.216290051442840969e-01 4.428738599936405990e+03
1.238417835472609974e-01 4.357371915516731860e+03
1.260948186986580177e-01 4.283143255080714880e+03
1.283888429835126355e-01 4.203874434003465467e+03
1.307246021110340384e-01 4.117766427756596386e+03
1.331028553570085537e-01 4.023520224458353823e+03
1.355243758106138563e-01 3.920477730025381334e+03
1.379899506257241670e-01 3.808688488352444438e+03
1.405003812767867122e-01 3.688879759724111409e+03
1.430564838193544852e-01 3.562538764329566220e+03
1.456590891553579126e-01 3.431641850330433044e+03
1.483090433032021316e-01 3.298728463241566260e+03
1.510072076727798640e-01 3.166469756486452752e+03
1.537544593454858166e-01 3.037697281110969925e+03
1.565516913593256454e-01 2.914991141405496364e+03
1.593998129992131307e-01 2.800635937944088255e+03
1.622997500925472680e-01 2.696327868910733741e+03
1.652524453101666957e-01 2.603133574359489103e+03
1.682588584727810199e-01 2.521321026771260676e+03
1.713199668629750150e-01 2.450479245165961856e+03
1.744367655428904484e-01 2.389292775904455539e+03
1.776102676776860900e-01 2.335941074848195512e+03
1.808415048648842893e-01 2.288112463497386216e+03
1.841315274697077342e-01 2.243305979111359648e+03
1.874814049665168569e-01 2.198702403650308042e+03
1.908922262864606312e-01 2.151672484250431353e+03
1.943651001714505333e-01 2.099998061609090655e+03
1.979011555345740747e-01 2.042383376400582620e+03
2.015015418270673930e-01 1.978622948162921602e+03
2.051674294119619768e-01 1.909516246984152986e+03
2.089000099445292302e-01 1.836616347845630571e+03
2.127004967596484164e-01 1.762178694396255878e+03
2.165701252662195486e-01 1.688643172676803715e+03
2.205101533487533183e-01 1.618416027490449324e+03
2.245218617762654856e-01 1.553481199004608243e+03
2.286065546186128450e-01 1.495126157822292043e+03
2.327655596704011065e-01 1.443898916438179867e+03
2.370002288826050518e-01 1.399429222465117164e+03
2.413119388020432687e-01 1.360629644474830684e+03
2.457020910188459084e-01 1.325751739536888408e+03
2.501721126220631253e-01 1.292757644826953992e+03
2.547234566635647179e-01 1.259543591279768634e+03
2.593576026303771598e-01 1.224484932219267876e+03
2.640760569256134782e-01 1.186488823168999488e+03
2.688803533581552996e-01 1.145546613490232176e+03
2.737720536412410199e-01 1.102315118483279548e+03
2.787527479001258301e-01 1.058328003824709867e+03
2.838240551889765206e-01 1.015244200774283854e+03
2.889876240171723176e-01 9.747376351731875275e+02
2.942451328851785064e-01 9.378541144397678408e+02
2.995982908301688674e-01 9.050235113648703873e+02
3.050488379815770590e-01 8.758077382873057104e+02
3.105985461267529724e-01 8.492466487439590992e+02
3.162492192869091334e-01 8.240179961513125590e+02
3.220026943035488309e-01 7.988283034526810980e+02
3.278608414355596024e-01 7.728425235028291809e+02
3.338255649671697523e-01 7.456877779684701864e+02
3.398988038269684098e-01 7.177739306774974466e+02
3.460825322181838581e-01 6.898178871715480227e+02
3.523787602604305236e-01 6.628394425073367984e+02
3.587895346431287935e-01 6.375781818226384985e+02
3.653169392908166557e-01 6.144236357101652857e+02
3.719630960405611586e-01 5.932125245787912036e+02
3.787301653316944572e-01 5.733548422147615611e+02
3.856203469081013746e-01 5.541761110049734498e+02
3.926358805332800794e-01 5.350330495653350908e+02
3.997790467184118013e-01 5.157483713879037168e+02
4.070521674636797815e-01 4.964180247453886068e+02
4.144576070130712719e-01 4.774310938080221263e+02
4.219977726229114934e-01 4.592253691891123140e+02
4.296751153443834070e-01 4.420211905134456742e+02
4.374921308202791015e-01 4.258962852690428917e+02
4.454513600962493047e-01 4.106304588387601484e+02
4.535553904468090924e-01 3.959324360472053286e+02
4.618068562163753499e-01 3.815579443085702565e+02
4.702084396756012197e-01 3.673361354931549272e+02
4.787628718932894767e-01 3.533757161368758943e+02
4.874729336241730993e-01 3.398739950519278636e+02
4.963414562128421470e-01 3.269620779764546796e+02
5.053713225141164278e-01 3.147204904728039878e+02
5.145654678301662122e-01 3.030609595157594640e+02
5.239268808646776465e-01 2.917736314823561656e+02
5.334586046943771143e-01 2.807542580071058751e+02
5.431637377582348991e-01 2.700439081741830023e+02
5.530454348646605123e-01 2.596889409718236266e+02
5.631069082170223616e-01 2.497277537535917986e+02
5.733514284578283826e-01 2.401887723453054093e+02
5.837823257318991432e-01 2.310429421349603274e+02
5.944029907688848091e-01 2.222187460152020151e+02
6.052168759854743563e-01 2.136648403341706057e+02
6.162274966076619620e-01 2.053935762051836207e+02
6.274384318134254013e-01 1.974305665564063190e+02
6.388533258961933692e-01 1.897841837087612760e+02
6.504758894494848676e-01 1.824309596267525251e+02
6.623099005730950228e-01 1.753453180180013362e+02
6.743592061012246841e-01 1.685089843671725305e+02
6.866277228529591437e-01 1.619181670896859373e+02
6.991194389054908864e-01 1.555708387131896870e+02
7.118384148905058106e-01 1.494638465304246893e+02
7.247887853141601333e-01 1.435891971173899719e+02
7.379747599010648695e-01 1.379365941995630749e+02
7.514006249627259715e-01 1.324962872346414997e+02
7.650707447908745573e-01 1.272592028961115886e+02
7.789895630761547451e-01 1.222179736432919555e+02
7.931616043526137361e-01 1.173661598558261119e+02
8.075914754684712094e-01 1.126974838549934077e+02
8.222838670836538633e-01 1.082058214884023926e+02
8.372435551945670573e-01 1.038851671646269068e+02
8.524754026866058210e-01 9.972947643930598360e+01
8.679843609149188177e-01 9.573282395982086257e+01
8.837754713139223117e-01 9.188947931004739189e+01
8.998538670360967107e-01 8.819390153371278984e+01
9.162247746206046983e-01 8.464073366163047751e+01
9.328935156922580907e-01 8.122479707203515886e+01
9.498655086913979639e-01 7.794108190690462834e+01
9.671462706352423888e-01 7.478474365478763275e+01
9.847414189112857485e-01 7.175110233057399967e+01
1.002656673103317075e+00 6.883563759737920407e+01
1.020897856850663477e+00 6.603398388455836709e+01
1.039470899741254284e+00 6.334192562965120743e+01
1.058381839239129318e+00 6.075539264225287894e+01
1.077636822647020098e+00 5.827045558778374357e+01
1.097242109104616281e+00 5.588332223282611722e+01
1.117204071623204564e+00 5.359033611115692253e+01
1.137529199157325532e+00 5.138796937399269638e+01
1.158224098714097927e+00 4.927281727366721498e+01
1.179295497500937762e+00 4.724159429955954437e+01
1.200750245112352843e+00 4.529113041733686629e+01
1.222595315756498158e+00 4.341836740738837364e+01
1.244837810522259947e+00 4.162035530074093259e+01
1.267484959687586565e+00 3.989424891073555557e+01
1.290544125069789771e+00 3.823730445873226103e+01
1.314022802418629343e+00 3.664687629209264230e+01
1.337928623852933541e+00 3.512041367423990579e+01
1.362269360341522129e+00 3.365545667840672195e+01
1.387052924229306816e+00 3.224963286485212421e+01
1.412287371809304970e+00 3.090065596563115591e+01
1.437980905941474319e+00 2.960632313804881122e+01
1.464141878719193102e+00 2.836451215889073296e+01
1.490778794184223655e+00 2.717317870184547601e+01
1.517900311091094689e+00 2.603035369616751638e+01
1.545515245721778452e+00 2.493414076465399276e+01
1.573632574751544055e+00 2.388271373903135952e+01
1.602261438166979080e+00 2.287431425086684555e+01
1.631411142237097822e+00 2.190724939614780453e+01
1.661091162538472332e+00 2.097988947169750773e+01
1.691311147035430507e+00 2.009066568799580565e+01
1.722080919216290917e+00 1.923806707413232076e+01
1.753410481286623579e+00 1.842063899606171162e+01
1.785310017420636663e+00 1.763698193076899301e+01
1.817789897071716787e+00 1.688574951809316360e+01
1.850860678343162258e+00 1.616564666255626292e+01
1.884533111420275020e+00 1.547542769728351608e+01
1.918818142064890653e+00 1.481389460824556359e+01
1.953726915173450651e+00 1.417989531709183382e+01
1.989270778399840234e+00 1.357232202088075823e+01
2.025461285844135872e+00 1.299010958705205532e+01
2.062310201808426502e+00 1.243223400202413487e+01
2.099829504620999376e+00 1.189771087183501663e+01
2.138031390530099607e+00 1.138559396275336688e+01
2.176928277668485734e+00 1.089497375706589111e+01
2.216532810090176664e+00 1.042497614806323369e+01
2.256857861880572358e+00 9.974761154792801676e+00
2.297916541341392893e+00 9.543521659060846929e+00
2.339722195251757952e+00 9.130482185852999422e+00
2.382288413206739008e+00 8.734897725856585637e+00
2.425629032034890553e+00 8.356052598778175522e+00
2.469758140296145932e+00 7.993259356185030029e+00
2.514690082861498865e+00 7.645857722632032782e+00
2.560439465576048956e+00 7.313213573866888417e+00
2.607021160006877558e+00 6.994717950940024132e+00
2.654450308277259918e+00 6.689786108953370558e+00
2.702742327988867821e+00 6.397856494996817744e+00
2.751912917233522826e+00 6.118389702069467972e+00
2.801978059696081491e+00 5.850867899750615386e+00
2.852954029850200968e+00 5.594794060440856143e+00
2.904857398248635203e+00 5.349691158542868585e+00
2.957705036909722196e+00 5.115101398802029742e+00
3.011514124801920822e+00 4.890585472822665203e+00
3.066302153428126953e+00 4.675721842806091821e+00
3.122086932511527912e+00 4.470106051585552187e+00
3.178886595784957247e+00 4.273350058060368717e+00
3.236719606885571920e+00 4.085081597160085565e+00
3.295604765356715760e+00 3.904943563495788528e+00
3.355561212759026635e+00 3.732593417430461358e+00
3.416608438892731137e+00 3.567702590303133192e+00
3.478766288133063878e+00 3.409955928087472721e+00
3.542054965881055395e+00 3.259051199159408885e+00
3.606495045131572041e+00 3.114698586736693198e+00
3.672107473160914903e+00 2.976620197318073924e+00
3.738913578336090726e+00 2.844549587692787984e+00
3.806935077047892690e+00 2.718231309861294687e+00
3.876194080770182016e+00 2.597420473229278048e+00
3.946713103247599275e+00 2.481882323458110218e+00
4.018515067813969388e+00 2.371391837375211420e+00
4.091623314843920944e+00 2.265733333367006441e+00
4.166061609340070859e+00 2.164700096696634102e+00
4.241854148658170232e+00 2.068094012713828533e+00
4.319025570372864387e+00 1.975725124620049344e+00
4.397600960286556671e+00 1.887411340583645680e+00
4.477605860583897091e+00 1.802978205297171455e+00
4.559066278134701555e+00 1.722258591366067293e+00
4.642008692947928949e+00 1.645092400151671574e+00
4.726460066779375246e+00 1.571326274413462398e+00
4.812447851896049400e+00 1.500813322304411779e+00
4.900000000000001243e+00 1.433412852289545292e+00
