# k[h/Mpc]    Pk[Mpc^3/h^3] (CDM+baryons, z=0, sum m_nu = 0.3 eV)
1.000000000000000048e-04 2.356355988494713358e+02
1.115258952108197398e-04 2.618806472259259976e+02
1.243802530257475964e-04 2.910452581931428995e+02
1.387161906524478404e-04 3.234546183313788674e+02
1.547044734274899208e-04 3.594652759272179878e+02
1.725355489211928973e-04 3.994767890311293286e+02
1.924218154912624016e-04 4.439258603787042716e+02
2.146001523075424583e-04 4.933019566947185695e+02
2.393347409847693477e-04 5.481416230884271954e+02
2.669202124337607127e-04 6.090355707179617184e+02
2.976851564153737699e-04 6.766391533862464485e+02
3.319960356019749110e-04 7.516692381281050075e+02
3.702615507695343477e-04 8.349083143322208116e+02
4.129375091171870417e-04 9.272121614309545521e+02
4.605322537042036836e-04 1.029514847291874275e+03
5.136127186781772871e-04 1.142820819651010652e+03
5.728111824224663487e-04 1.268236939271245774e+03
6.388327990643373607e-04 1.406917230069173229e+03
7.124639980568402836e-04 1.560118575513929045e+03
7.945818518876893383e-04 1.729192215356843917e+03
8.861645235004552736e-04 1.915533726623316625e+03
9.883029178745779235e-04 2.120611735504717217e+03
1.102213676554276685e-03 2.345926131938424533e+03
1.229253669913247735e-03 2.592982813996821278e+03
1.370936159782604582e-03 2.863187951980534763e+03
1.528948824966383860e-03 3.157910668105430886e+03
1.705173864359070795e-03 3.478317024510510237e+03
1.901710417127384966e-03 3.825230617924388753e+03
2.120899567018730454e-03 4.199193787927481026e+03
2.365352228640039012e-03 4.600176116749107678e+03
2.637980247879881824e-03 5.027558612767496925e+03
2.942031086932642842e-03 5.480046708580706763e+03
3.281126507082240441e-03 5.955570677698859981e+03
3.659305710022969522e-03 6.451100311172322108e+03
4.081073451603764966e-03 6.962776311268621612e+03
4.551453701112203459e-03 7.485599500978099059e+03
5.076049485271372577e-03 8.013547716327972012e+03
5.661109629793106661e-03 8.539477980842153556e+03
6.313603193492691584e-03 9.054857713295246867e+03
7.041302481601635459e-03 9.549699873407322229e+03
7.852875627107890402e-03 1.001248608135598988e+04
8.757989842924349122e-03 1.042984621638484714e+04
9.767426574794057029e-03 1.078648471690837505e+04
1.089320992659859044e-02 1.106600067547306753e+04
1.214874988783295855e-02 1.125025710315051219e+04
1.354900206932916663e-02 1.132111728197714910e+04
1.511064584995185957e-02 1.126073089617774349e+04
1.685228305629541193e-02 1.105438880102587245e+04
1.879465954199475292e-02 1.069181525828707709e+04
2.096091230603540009e-02 1.017122393091382037e+04
2.337684509366088487e-02 9.501954929768058719e+03
2.607123576275192228e-02 8.707092213961417656e+03
2.907617907693246795e-02 7.829829906276936526e+03
3.242746900864999782e-02 6.925999654647995158e+03
3.616502510610808407e-02 6.063692080866657307e+03
4.033336800280479945e-02 5.308812968883034955e+03
4.498214973380237902e-02 4.702945948737876279e+03
5.016674517569447156e-02 4.259715759381867429e+03
5.594891165532404204e-02 3.941503474642996480e+03
6.239752458431086640e-02 3.658825710892107509e+03
6.958939788204403232e-02 3.298157909545212988e+03
7.761019895976883909e-02 2.797971275086257265e+03
8.655546916478060182e-02 2.230209946882934673e+03
9.653176183994670312e-02 1.767546360079394617e+03
1.076579115547770388e-01 1.516090208510379398e+03
1.200664496267376397e-01 1.390177431553541737e+03
1.339051827940672401e-01 1.190678068673355028e+03
1.493389538447681963e-01 9.068196849181249490e+02
1.665516051738506476e-01 7.326201970576964868e+02
1.857481686581269054e-01 6.516424331189506347e+02
2.071573079336795353e-01 5.114631577418850839e+02
2.310340421676708722e-01 4.077023962505064105e+02
2.576627837692376799e-01 3.425604179785566998e+02
2.873607262237611315e-01 2.661776278876037622e+02
3.204816224053627649e-01 2.184657999551170349e+02
3.574199983737402220e-01 1.721016333186971110e+02
3.986158528488111807e-01 1.371789740887479923e+02
4.445598983418805883e-01 1.089906689530329658e+02
4.957994063740929769e-01 8.592656971727154769e+01
5.529447264086378988e-01 6.758613711220131393e+01
6.166765561482513425e-01 5.302418249821137408e+01
6.877540497995908719e-01 4.148772985609906527e+01
7.670238608876615016e-01 3.236782667697487881e+01
8.554302273355580688e-01 2.518549710658732010e+01
9.540262189399315584e-01 1.954861200604248594e+01
1.063986281218693764e+00 1.513750156595333074e+01
1.186620225049460853e+00 1.169534877007454199e+01
1.323388828739054945e+00 9.016553331553289752e+00
1.475921238371213251e+00 6.937156399145272268e+00
1.646034373700112408e+00 5.326941337336211113e+00
1.835754570746860326e+00 4.082885383023064030e+00
2.047341718898981533e+00 3.123826515420310201e+00
2.283316180026673692e+00 2.386012947425276920e+00
2.546488810268240588e+00 1.819522953309125946e+00
2.839994442095014282e+00 1.385389455531837344e+00
3.167329225483990207e+00 1.053284202982451401e+00
3.532392272994943738e+00 7.996575684169894283e-01
3.939532104815434366e+00 6.062835461193899489e-01
4.393598447013062902e+00 4.590762010145589267e-01
4.900000000000001243e+00 3.471788345619529204e-01
