# k[h/Mpc]    Pk[Mpc^3/h^3] (CDM+baryons, z=0, sum m_nu = 0.15 eV)
1.000000000000000048e-04 4.454760586650032792e+02
1.018192851288654056e-04 4.532646002334524837e+02
1.036716682415320324e-04 4.611894558920755003e+02
1.055577514846969182e-04 4.692528040034221704e+02
1.074781479598227148e-04 4.774567171972088886e+02
1.094334819224358437e-04 4.858035236398575876e+02
1.114243889850503427e-04 4.942967479988295167e+02
1.134515163237845173e-04 5.029371806221268457e+02
1.155155228887354377e-04 5.117288291655270314e+02
1.176170796181814416e-04 5.206745828760625727e+02
1.197568696566808123e-04 5.297770945922163719e+02
1.219355885771395451e-04 5.390388222626859260e+02
1.241539446069180779e-04 5.484614593240357863e+02
1.264126588580515400e-04 5.580491801868267885e+02
1.287124655616594384e-04 5.678037245986281505e+02
1.310541123066188615e-04 5.777283730002238826e+02
1.334383602825797493e-04 5.878262050647549586e+02
1.358659845274025704e-04 5.980988505928260111e+02
1.383377741790963323e-04 6.085521980625723018e+02
1.408545327323400568e-04 6.191888228148779945e+02
1.434170782996723684e-04 6.300105614788533330e+02
1.460262438774317321e-04 6.410201390140249487e+02
1.486828776165345905e-04 6.522213007885527531e+02
1.513878430981813628e-04 6.636195529524894710e+02
1.541420196145766618e-04 6.752157913234583475e+02
1.569463024547576211e-04 6.870130420379550742e+02
1.598016031956211612e-04 6.990152199974527321e+02
1.627088499982476107e-04 7.112268744817416746e+02
1.656689879096138421e-04 7.236529031857990049e+02
1.686829791697952625e-04 7.362960302517062701e+02
1.717518035247584925e-04 7.491595558990156860e+02
1.748764585448427458e-04 7.622464135967417178e+02
1.780579599490355648e-04 7.755608303817662090e+02
1.812973419351494885e-04 7.891075075856648482e+02
1.845956575160039546e-04 8.028910581669852036e+02
1.879539788617241337e-04 8.169138024833461031e+02
1.913733976482663102e-04 8.311789345027183344e+02
1.948550254122856829e-04 8.456936517656987462e+02
1.983999939124585297e-04 8.604615589550904815e+02
2.020094554973777819e-04 8.754847193224496777e+02
2.056845834801435461e-04 8.907711009559649256e+02
2.094265725197667807e-04 9.063224645598828602e+02
2.132366390095114320e-04 9.221453653798066625e+02
2.171160214723039149e-04 9.382441016711758266e+02
2.210659809633339990e-04 9.546225246738256374e+02
2.250878014799803737e-04 9.712846395916690199e+02
2.291827903791957422e-04 9.882386919895117217e+02
2.333522788024834985e-04 1.005486071957058925e+03
2.375976221086056330e-04 1.023031452102080152e+03
2.419202003141653350e-04 1.040881245332745948e+03
2.463214185422023359e-04 1.059042154502707945e+03
2.508027074789512386e-04 1.077519582430346418e+03
2.553655238389076002e-04 1.096316480647032677e+03
2.600113508383580818e-04 1.115438549176357355e+03
2.647416986775227160e-04 1.134892305847077068e+03
2.695581050314685314e-04 1.154684359030028645e+03
2.744621355499574371e-04 1.174820823667359491e+03
2.794553843663845458e-04 1.195304673675042523e+03
2.845394746159758551e-04 1.216143547825225824e+03
2.897160589634161019e-04 1.237342835171209117e+03
2.949868201400724570e-04 1.258910606887595122e+03
3.003534714909940903e-04 1.280853231451696047e+03
3.058177575318607564e-04 1.303173976025201227e+03
3.113814545160675839e-04 1.325880666676049486e+03
3.170463710121235027e-04 1.348982570113709016e+03
3.228143484915545593e-04 1.372483015276463902e+03
3.286872619275051630e-04 1.396388753570832250e+03
3.346670204042274878e-04 1.420706960068642957e+03
3.407555677376585749e-04 1.445441141621838142e+03
3.469548831072907032e-04 1.470610350780850922e+03
3.532669816995344099e-04 1.496209776673143097e+03
3.596939153627857458e-04 1.522249049581198051e+03
3.662377732744146039e-04 1.548737957366260389e+03
3.729006826198842401e-04 1.575684846913285355e+03
3.796848092842254412e-04 1.603092622552978582e+03
3.865923585560943217e-04 1.630973191646482064e+03
3.936255758446357959e-04 1.659332043470898725e+03
4.007867474093881042e-04 1.688179690443711934e+03
4.080782011034704971e-04 1.717524841326063779e+03
4.155023071302878300e-04 1.747371641027662918e+03
4.230614788140018689e-04 1.777734376820787020e+03
4.307581733840231200e-04 1.808612709617246310e+03
4.385948927737709220e-04 1.840020163585041018e+03
4.465741844339673225e-04 1.871966707160328269e+03
4.546986421607269535e-04 1.904460035237554393e+03
4.629709069387099988e-04 1.937505233854052221e+03
4.713936677996192776e-04 1.971120893753687369e+03
4.799696626963114669e-04 2.005309853428278757e+03
4.887016793928109122e-04 2.040083605174253762e+03
4.975925563705199022e-04 2.075451625589545984e+03
5.066451837509105497e-04 2.111420890076343312e+03
5.158625042350036471e-04 2.147997315832393724e+03
5.252475140599437630e-04 2.185192457591224411e+03
5.348032639729722064e-04 2.223016271521212730e+03
5.445328602231193230e-04 2.261485380763950616e+03
5.544394655709439885e-04 2.300611702459558728e+03
5.645263003166376423e-04 2.340395553354533604e+03
5.747966433468323271e-04 2.380849775476528976e+03
5.852538332004588112e-04 2.421984402570152270e+03
5.959012691539901374e-04 2.463815784606272700e+03
6.067424123264289265e-04 2.506354090033865305e+03
6.177807868044028370e-04 2.549607194587460071e+03
6.290199807877237988e-04 2.593585061237191894e+03
6.404636477557869127e-04 2.638301207482273639e+03
6.521155076551968374e-04 2.683761871726267600e+03
6.639793481089937589e-04 2.729986203432141338e+03
6.760590256478781488e-04 2.776985017138668354e+03
6.883584669638424022e-04 2.824761663795039112e+03
7.008816701866015138e-04 2.873343556461500611e+03
7.136327061832506164e-04 2.922722619494476476e+03
7.266157198815622470e-04 2.972928804917225534e+03
7.398349316173659113e-04 3.023966618631346591e+03
7.532946385064322441e-04 3.075843554508551733e+03
7.669992158413210326e-04 3.128585314671984179e+03
7.809531185136364337e-04 3.182184109953121606e+03
7.951608824621657834e-04 3.236661284665671701e+03
8.096271261473557369e-04 3.292031981530393750e+03
8.243565520526149317e-04 3.348312583001579696e+03
8.393539482129358346e-04 3.405517493287166417e+03
8.546241897713193272e-04 3.463645778956793038e+03
8.701722405635155082e-04 3.522712713109862761e+03
8.860031547316025383e-04 3.582742576412996186e+03
9.021220783669138630e-04 3.643749095037889219e+03
9.185342511828547196e-04 3.705745678352561754e+03
9.352450082181596814e-04 3.768745111350696334e+03
9.522597815711297603e-04 3.832739354046922472e+03
9.695841021654195762e-04 3.897765845094379529e+03
9.872236015479583272e-04 3.963826615635487997e+03
1.005184013719570731e-03 4.030944367443205920e+03
1.023471176998903354e-03 4.099140380393228043e+03
1.042091035920268260e-03 4.168414369297676785e+03
1.061049643166006237e-03 4.238767187584891872e+03
1.080353161534003880e-03 4.310227824321907065e+03
1.100007865941020346e-03 4.382817940247036859e+03
1.120020145462436367e-03 4.456549286633301563e+03
1.140396505409130030e-03 4.531430221994166459e+03
1.161143569442140474e-03 4.607474517658598415e+03
1.182268081725779563e-03 4.684687777417251709e+03
1.203776909119937686e-03 4.763098496419156618e+03
1.225677043412273662e-03 4.842721347710715236e+03
1.247975603590990466e-03 4.923565934347346229e+03
1.270679838158989732e-03 5.005637984189532290e+03
1.293797127490108707e-03 5.088949175406908580e+03
1.317334986228223953e-03 5.173501076596066014e+03
1.341301065730015436e-03 5.259331272637028633e+03
1.365703156552156234e-03 5.346463660768444242e+03
1.390549190983755108e-03 5.434914182882448586e+03
1.415847245624880920e-03 5.524680533073496008e+03
1.441605544011986383e-03 5.615744698691221856e+03
1.467832459291095685e-03 5.708151865490054661e+03
1.494536516939638099e-03 5.801921229665772444e+03
1.521726397537785614e-03 5.897058902590654725e+03
1.549410939590209870e-03 5.993570002019979256e+03
1.577599142399188420e-03 6.091482852362817539e+03
1.606300168989966727e-03 6.190781016588080092e+03
1.635523349089341256e-03 6.291494408873168140e+03
1.665278182158445083e-03 6.393656325334711255e+03
1.695574340480695760e-03 6.497280161985551786e+03
1.726421672305918737e-03 6.602348567570393243e+03
1.757830205051689977e-03 6.708847970521140269e+03
1.789810148562901533e-03 6.816822687339760705e+03
1.822371898430628434e-03 6.926274005591313653e+03
1.855526039371401025e-03 7.037222613988067678e+03
1.889283348667912315e-03 7.149697387171221635e+03
1.923654799672356013e-03 7.263703060670247396e+03
1.958651565373502844e-03 7.379186029645587951e+03
1.994285022028632545e-03 7.496201280152349682e+03
2.030566752861590052e-03 7.614759286761059229e+03
2.067508551828088018e-03 7.734878913429461136e+03
2.105122427449517258e-03 7.856579768924885684e+03
2.143420606716516918e-03 7.979802503150248413e+03
2.182415539063549490e-03 8.104567839752994587e+03
2.222119900415780395e-03 8.230920960596577061e+03
2.262546597309603950e-03 8.358870190349683980e+03
2.303708771088110261e-03 8.488423391329739388e+03
2.345619802172884284e-03 8.619585488233531578e+03
2.388293314413537840e-03 8.752246939532267788e+03
2.431743179516352837e-03 8.886496387392047836e+03
2.475983521553492845e-03 9.022326512062238180e+03
2.521028721554273606e-03 9.159777517514337887e+03
2.566893422179938791e-03 9.298890842609396714e+03
2.613592532483482739e-03 9.439599109270822737e+03
2.661141232756091858e-03 9.581813072400016608e+03
2.709554979461731641e-03 9.725614517400234035e+03
2.758849510261511279e-03 9.871032839413046531e+03
2.809040849129475128e-03 1.001807400563949159e+04
2.860145311561445615e-03 1.016672376951455226e+04
2.912179509878621078e-03 1.031690318483369992e+04
2.965160358627711400e-03 1.046858001323497592e+04
3.019105080079240774e-03 1.062184894387843087e+04
3.074031209825939682e-03 1.077672542209349194e+04
3.129956602482987689e-03 1.093320630738346881e+04
3.186899437491901629e-03 1.109126147097479407e+04
3.244878225030087531e-03 1.125066418783967856e+04
3.303911812027855201e-03 1.141163943462361567e+04
3.364019388294905554e-03 1.157416754412685077e+04
3.425220492758303866e-03 1.173820238205252645e+04
3.487535019813910002e-03 1.190371569264051868e+04
3.550983225793357713e-03 1.207069205837982918e+04
3.615585735548721910e-03 1.223895219116608860e+04
3.681363549156942572e-03 1.240867044410175004e+04
3.748338048746226604e-03 1.257982801955727518e+04
3.816531005446670635e-03 1.275240261468199969e+04
3.885964586467303538e-03 1.292637308433017643e+04
3.956661362301879675e-03 1.310156444443028886e+04
4.028644314065801639e-03 1.327804672606391432e+04
4.101936840966486156e-03 1.345583583857416852e+04
4.176562767909641240e-03 1.363490040245752971e+04
4.252546353243950861e-03 1.381523158419672109e+04
4.329912296646630868e-03 1.399683479224674011e+04
4.408685747152437870e-03 1.417929855433429839e+04
4.488892311328791275e-03 1.436287480632860206e+04
4.570558061599583680e-03 1.454756825665403449e+04
4.653709544720419609e-03 1.473337009442526869e+04
4.738373790408112810e-03 1.492025706034855102e+04
4.824578320127069324e-03 1.510804563418574617e+04
4.912351156035600803e-03 1.529652178882102999e+04
5.001720830095009521e-03 1.548588334598983420e+04
5.092716393344296974e-03 1.567612641096395237e+04
5.185367425343695783e-03 1.586721539304137877e+04
5.279704043790010327e-03 1.605907685157173364e+04
5.375756914306787163e-03 1.625134885372244025e+04
5.473557260412724793e-03 1.644410162295848204e+04
5.573136873671352513e-03 1.663745767153013003e+04
5.674528124025369699e-03 1.683134736057422924e+04
5.777763970319049064e-03 1.702570573425849216e+04
5.882877971012012881e-03 1.722049304693438171e+04
5.989904295087934011e-03 1.741507462619439684e+04
6.098877733161739596e-03 1.760989128993775739e+04
6.209833708788841528e-03 1.780489394916357196e+04
6.322808289980108576e-03 1.800001789533917690e+04
6.437838200926385319e-03 1.819518171973349672e+04
6.554960833936262360e-03 1.839005050470098286e+04
6.674214261591017439e-03 1.858440433009952903e+04
6.795637249120757215e-03 1.877853657678263698e+04
6.919269267005656761e-03 1.897235761235168320e+04
7.045150503806445370e-03 1.916577333231997909e+04
7.173321879228382672e-03 1.935868392150549334e+04
7.303825057422841556e-03 1.955041755389102764e+04
7.436702460530880687e-03 1.974123823653108775e+04
7.571997282473287398e-03 1.993119275264022872e+04
7.709753502991424298e-03 2.012019834873136642e+04
7.850015901943519989e-03 2.030818094347113583e+04
7.992830073861156154e-03 2.049498120435651799e+04
8.138242442770402332e-03 2.067979512027949022e+04
8.286300277282729679e-03 2.086316764299404895e+04
8.437051705960476808e-03 2.104496443121794800e+04
8.590545732961701528e-03 2.122507794874128740e+04
8.746832253969855087e-03 2.140341274309456639e+04
8.905962072413141362e-03 2.157944475215277635e+04
9.067986915978947307e-03 2.175279911018944404e+04
9.232959453428814245e-03 2.192392923493596754e+04
9.400933311719227026e-03 2.209272460819891057e+04
9.571963093433890138e-03 2.225905259395241228e+04
9.746104394533217086e-03 2.242275788953840311e+04
9.923413822426669154e-03 2.258280696255641669e+04
1.010394901437385203e-02 2.273958301180833587e+04
1.028776865622049903e-02 2.289325832031662139e+04
1.047493250147520615e-02 2.304367538769234670e+04
1.066550139073323480e-02 2.319065269400467514e+04
1.085953727145377856e-02 2.333386581847718844e+04
1.105710321809694544e-02 2.347221116687310132e+04
1.125826345262708091e-02 2.360660974043415990e+04
1.146308336538921606e-02 2.373687988654876244e+04
1.167162953636518598e-02 2.386285046058551234e+04
1.188396975681655331e-02 2.398435760287577068e+04
1.210017305132118047e-02 2.410052145723682042e+04
1.232030970021084568e-02 2.421097330496911673e+04
1.254445126241695782e-02 2.431643101210020177e+04
1.277267059873187817e-02 2.441668379825123338e+04
1.300504189549357356e-02 2.451150758909935757e+04
1.324164068870101706e-02 2.460071323964044495e+04
1.348254388856834698e-02 2.468289084994267614e+04
1.372782980452582312e-02 2.475882682448388005e+04
1.397757817067552845e-02 2.482861304153400852e+04
1.423187017171016755e-02 2.489208559973572119e+04
1.449078846930352236e-02 2.494907741478896787e+04
1.475441722898090599e-02 2.499904099404500812e+04
1.502284214747852745e-02 2.504048676182840427e+04
1.529615048060052954e-02 2.507488272807545218e+04
1.557443107158297015e-02 2.510205980078390712e+04
1.585777437997368949e-02 2.512184212027252943e+04
1.614627251103758002e-02 2.513405080028663724e+04
1.644001924569696987e-02 2.513732566665647391e+04
1.673911007101656218e-02 2.513166862974914693e+04
1.704364221124297918e-02 2.511798529542362667e+04
1.735371465940915153e-02 2.509612490187149524e+04
1.766942820951353937e-02 2.506592470571675221e+04
1.799088548928476708e-02 2.502723013418773553e+04
1.831819099354253105e-02 2.497791595969620175e+04
1.865145111816521317e-02 2.491961256954104465e+04
1.899077419467561437e-02 2.485249649464269896e+04
1.933627052545575792e-02 2.477652529375820450e+04
1.968805241960255858e-02 2.469165133192565918e+04
2.004623422943563674e-02 2.459712461839280513e+04
2.041093238766928872e-02 2.449157664119598485e+04
2.078226544526092998e-02 2.437689872246174855e+04
2.116035410994791810e-02 2.425317868812080633e+04
2.154532128548546088e-02 2.412045243219696931e+04
2.193729211159857126e-02 2.397870503868523156e+04
2.233639400466067362e-02 2.382633488031516754e+04
2.274275669911225012e-02 2.366402703307414777e+04
2.315651228963324162e-02 2.349295326582753478e+04
2.357779527408245326e-02 2.331318459050522142e+04
2.400674259721816833e-02 2.312480977207539763e+04
2.444349369521435500e-02 2.292793955186475796e+04
2.488819054098654476e-02 2.272023029821449381e+04
2.534097769034242970e-02 2.250441676027257927e+04
2.580200232897193052e-02 2.228082394487201600e+04
2.627141432029242440e-02 2.204955588203348088e+04
2.674936625416414818e-02 2.181084880160459943e+04
2.723601349649189957e-02 2.156464604522975424e+04
2.773151423972935320e-02 2.131001974122189858e+04
2.823602955430197167e-02 2.104923588535943782e+04
2.874972344096543217e-02 2.078289295357559604e+04
2.927276288411684996e-02 2.051151523108597394e+04
2.980531790607564985e-02 2.023554288898525920e+04
3.034756162235194635e-02 1.995416390695921291e+04
3.089967029792066097e-02 1.966820216084775893e+04
3.146182340451917497e-02 1.937906773574094041e+04
3.203420367898752313e-02 1.908729981001031047e+04
3.261699718266979769e-02 1.879334811075662583e+04
3.321039336189655911e-02 1.849754269191150524e+04
3.381458510956728697e-02 1.819896117528085961e+04
3.442976882785318132e-02 1.789994869405885038e+04
3.505614449204105115e-02 1.760121555004703987e+04
3.569391571553836434e-02 1.730349585071522233e+04
3.634328981606090719e-02 1.700745526852915282e+04
3.700447788302495961e-02 1.671326448029967651e+04
3.767769484616516340e-02 1.642153090409342622e+04
3.836315954540073236e-02 1.613340709407496252e+04
3.906109480197312439e-02 1.584945986992904909e+04
3.977172749087744263e-02 1.557026632199708729e+04
4.049528861461189344e-02 1.529635610760497366e+04
4.123201337826865737e-02 1.502801222930629592e+04
4.198214126599129209e-02 1.476563073742165761e+04
4.274591611882278680e-02 1.450955348509411306e+04
4.352358621396981014e-02 1.426009432739306794e+04
4.431540434550947788e-02 1.401753015726381454e+04
4.512162790656396028e-02 1.378215256622274865e+04
4.594251897297006032e-02 1.355529778682560209e+04
4.677834438847147669e-02 1.333639284059205784e+04
4.762937585146043151e-02 1.312545641455241457e+04
4.849589000329746630e-02 1.292250550982347704e+04
4.937816851823838976e-02 1.272752203299414214e+04
5.027649819499679928e-02 1.254091340564803431e+04
5.119117104997271406e-02 1.236256426903256033e+04
5.212248441217692818e-02 1.219138110530396807e+04
5.307074101988284998e-02 1.202695701558921064e+04
5.403624911903631006e-02 1.186882928182266551e+04
5.501932256345561101e-02 1.171650318299303581e+04
5.602028091685504890e-02 1.157008949826446951e+04
5.703944955672407557e-02 1.142817701915455837e+04
5.807715978009624774e-02 1.128966232096590829e+04
5.913374891124294208e-02 1.115374404893889550e+04
6.020956041132585757e-02 1.101959279865873577e+04
6.130494399004434575e-02 1.088624464357097349e+04
6.242025571931449079e-02 1.075199278395061629e+04
6.355585814901575092e-02 1.061607379353297802e+04
6.471212042484364435e-02 1.047754133711351460e+04
6.588941840830631058e-02 1.033551677820250006e+04
6.708813479890453346e-02 1.018916432031962904e+04
6.830865925853425724e-02 1.003654241139237820e+04
6.955138853815211186e-02 9.876091507395298322e+03
7.081672660674612207e-02 9.708477797319861565e+03
7.210508478265199861e-02 9.533309253020481265e+03
7.341688186725858767e-02 9.350364928644359679e+03
7.475254428114630478e-02 9.159592401316542237e+03
7.611250620270181011e-02 8.958216684651324613e+03
7.749720970925433328e-02 8.748413665077036057e+03
7.890710492078044369e-02 8.531526012939566499e+03
8.034265014622242462e-02 8.308343358156813338e+03
8.180431203246910088e-02 8.079847423357081425e+03
8.329256571604647108e-02 7.846882962191631123e+03
8.480789497756895112e-02 7.609446265450015744e+03
8.635079239899974557e-02 7.371303399204952257e+03
8.792175952377219439e-02 7.134069428750041880e+03
8.952130701982498329e-02 6.899521786240619804e+03
9.114995484560270422e-02 6.669391751332113927e+03
9.280823241907629195e-02 6.444924180866853931e+03
9.449667878983940283e-02 6.228785437013082628e+03
9.621584281433476216e-02 6.022542761685354890e+03
9.796628333426847524e-02 5.827048693635989366e+03
9.974856935827097759e-02 5.643199829167086136e+03
1.015632802468619950e-01 5.472014706772980389e+03
1.034110059007811722e-01 5.316001748434076944e+03
1.052923469527442119e-01 5.173902391221333346e+03
1.072079149626888606e-01 5.044843708611234433e+03
1.091583326165718459e-01 4.928239648056504848e+03
1.111442339287825876e-01 4.823304063123610831e+03
1.131662644482403085e-01 4.729299693124618898e+03
1.152250814682397734e-01 4.645272860727935040e+03
1.173213542401145143e-01 4.567541175242298777e+03
1.194557641907884188e-01 4.494120513457312882e+03
1.216290051442840969e-01 4.422905698460822350e+03
1.238417835472609974e-01 4.351753033711631360e+03
1.260948186986580177e-01 4.277763193217691878e+03
1.283888429835126355e-01 4.198010215415871244e+03
1.307246021110340384e-01 4.111716276162368558e+03
1.331028553570085537e-01 4.017947110287696432e+03
1.355243758106138563e-01 3.916152315959885073e+03
1.379899506257241670e-01 3.806197079767298874e+03
1.405003812767867122e-01 3.685951878010188921e+03
1.430564838193544852e-01 3.559538142834886003e+03
1.456590891553579126e-01 3.429246424750136157e+03
1.483090433032021316e-01 3.297265747734410070e+03
1.510072076727798640e-01 3.165847010681058237e+03
1.537544593454858166e-01 3.037206539607047034e+03
1.565516913593256454e-01 2.914673320009390409e+03
1.593998129992131307e-01 2.800651651400131414e+03
1.622997500925472680e-01 2.696340365909713455e+03
1.652524453101666957e-01 2.602454722901170499e+03
1.682588584727810199e-01 2.519288294370332551e+03
1.713199668629750150e-01 2.447994781492241600e+03
1.744367655428904484e-01 2.386954237780572385e+03
1.776102676776860900e-01 2.333410517586490187e+03
1.808415048648842893e-01 2.285296324633486165e+03
1.841315274697077342e-01 2.240363700631856318e+03
1.874814049665168569e-01 2.196229999117809712e+03
1.908922262864606312e-01 2.148996766737639973e+03
1.943651001714505333e-01 2.097002917894348229e+03
1.979011555345740747e-01 2.039513164410869877e+03
2.015015418270673930e-01 1.976439964910506887e+03
2.051674294119619768e-01 1.908317882280067124e+03
2.089000099445292302e-01 1.835852075551172902e+03
2.127004967596484164e-01 1.761230234233817328e+03
2.165701252662195486e-01 1.687984491951873679e+03
2.205101533487533183e-01 1.618050560744964969e+03
2.245218617762654856e-01 1.552963658428051986e+03
2.286065546186128450e-01 1.493856035647229191e+03
2.327655596704011065e-01 1.442432663831298669e+03
2.370002288826050518e-01 1.398182237512336997e+03
2.413119388020432687e-01 1.359325236450452621e+03
2.457020910188459084e-01 1.324252524253711044e+03
2.501721126220631253e-01 1.291234580761660936e+03
2.547234566635647179e-01 1.258538854345993286e+03
2.593576026303771598e-01 1.223348174852289276e+03
2.640760569256134782e-01 1.185222907626897950e+03
2.688803533581552996e-01 1.144374508721036591e+03
2.737720536412410199e-01 1.101521045912214731e+03
2.787527479001258301e-01 1.057754120638817767e+03
2.838240551889765206e-01 1.014505950388820224e+03
2.889876240171723176e-01 9.739788877398133309e+02
2.942451328851785064e-01 9.371563501771631763e+02
2.995982908301688674e-01 9.041879222983685622e+02
3.050488379815770590e-01 8.747513354795926261e+02
3.105985461267529724e-01 8.481379579187174613e+02
3.162492192869091334e-01 8.231573931264267685e+02
3.220026943035488309e-01 7.980682151049043114e+02
3.278608414355596024e-01 7.721679077875287476e+02
3.338255649671697523e-01 7.452276312585003097e+02
3.398988038269684098e-01 7.174343765091739442e+02
3.460825322181838581e-01 6.893781479705600077e+02
3.523787602604305236e-01 6.622169025827170117e+02
3.587895346431287935e-01 6.368849850026077775e+02
3.653169392908166557e-01 6.136294350592244200e+02
3.719630960405611586e-01 5.923294354543919553e+02
3.787301653316944572e-01 5.725824798426057214e+02
3.856203469081013746e-01 5.536750346063068946e+02
3.926358805332800794e-01 5.347443709731389845e+02
3.997790467184118013e-01 5.155530223949760966e+02
4.070521674636797815e-01 4.962265057942687463e+02
4.144576070130712719e-01 4.770940491900317397e+02
4.219977726229114934e-01 4.586041197809017262e+02
4.296751153443834070e-01 4.412848266340808436e+02
4.374921308202791015e-01 4.252505250037221458e+02
4.454513600962493047e-01 4.101394375284799025e+02
4.535553904468090924e-01 3.956133121360507516e+02
4.618068562163753499e-01 3.813741690742026549e+02
4.702084396756012197e-01 3.671949130537311135e+02
4.787628718932894767e-01 3.530904658635199098e+02
4.874729336241730993e-01 3.394824684303310391e+02
4.963414562128421470e-01 3.265528798199034100e+02
5.053713225141164278e-01 3.143353567367653341e+02
5.145654678301662122e-01 3.027407807143057425e+02
5.239268808646776465e-01 2.915315107868426026e+02
5.334586046943771143e-01 2.805321746930065956e+02
5.431637377582348991e-01 2.697996009180230885e+02
5.530454348646605123e-01 2.594194069978215111e+02
5.631069082170223616e-01 2.494553797912084008e+02
5.733514284578283826e-01 2.399305213908267831e+02
5.837823257318991432e-01 2.308026348627354309e+02
5.944029907688848091e-01 2.219878252234196054e+02
6.052168759854743563e-01 2.134581743996905345e+02
6.162274966076619620e-01 2.052103938894084365e+02
6.274384318134254013e-01 1.972517991071384529e+02
6.388533258961933692e-01 1.895923101020208605e+02
6.504758894494848676e-01 1.822305928086968265e+02
6.623099005730950228e-01 1.751479101021175495e+02
6.743592061012246841e-01 1.683270966744848067e+02
6.866277228529591437e-01 1.617551301747921855e+02
6.991194389054908864e-01 1.554227340781275188e+02
7.118384148905058106e-01 1.493228030203022740e+02
7.247887853141601333e-01 1.434504264867414633e+02
7.379747599010648695e-01 1.377991933372499318e+02
7.514006249627259715e-01 1.323611410522652818e+02
7.650707447908745573e-01 1.271283232517146473e+02
7.789895630761547451e-01 1.220928559273475145e+02
7.931616043526137361e-01 1.172452560138426634e+02
8.075914754684712094e-01 1.125806009981911444e+02
8.222838670836538633e-01 1.080930727170057963e+02
8.372435551945670573e-01 1.037767896275489363e+02
8.524754026866058210e-01 9.962589165904421407e+01
8.679843609149188177e-01 9.563383879628035800e+01
8.837754713139223117e-01 9.179392902820859490e+01
8.998538670360967107e-01 8.810198835563267039e+01
9.162247746206046983e-01 8.455253776971657942e+01
9.328935156922580907e-01 8.114033347503487903e+01
9.498655086913979639e-01 7.786035158336277107e+01
9.671462706352423888e-01 7.470699470494554362e+01
9.847414189112857485e-01 7.167594753515390948e+01
1.002656673103317075e+00 6.876315202294414064e+01
1.020897856850663477e+00 6.596428129568603538e+01
1.039470899741254284e+00 6.327513672971378611e+01
1.058381839239129318e+00 6.069158293907592139e+01
1.077636822647020098e+00 5.820875120071316644e+01
1.097242109104616281e+00 5.582378386218213251e+01
1.117204071623204564e+00 5.353306583743361813e+01
1.137529199157325532e+00 5.133303735088195197e+01
1.158224098714097927e+00 4.922029065403038572e+01
1.179295497500937762e+00 4.719137361069600445e+01
1.200750245112352843e+00 4.524267578949419999e+01
1.222595315756498158e+00 4.337174641558096511e+01
1.244837810522259947e+00 4.157562838717374376e+01
1.267484959687586565e+00 3.985146180564152729e+01
1.290544125069789771e+00 3.819648338923314412e+01
1.314022802418629343e+00 3.660768337457987798e+01
1.337928623852933541e+00 3.508264710334968584e+01
1.362269360341522129e+00 3.361919359616077685e+01
1.387052924229306816e+00 3.221492047010106319e+01
1.412287371809304970e+00 3.086751081581568101e+01
1.437980905941474319e+00 2.957474961748116726e+01
1.464141878719193102e+00 2.833409828484767701e+01
1.490778794184223655e+00 2.714394760849081223e+01
1.517900311091094689e+00 2.600232647821608722e+01
1.545515245721778452e+00 2.490733550510915606e+01
1.573632574751544055e+00 2.385714789529956192e+01
1.602261438166979080e+00 2.284988199073688975e+01
1.631411142237097822e+00 2.188374782785729522e+01
1.661091162538472332e+00 2.095733141238173403e+01
1.691311147035430507e+00 2.006905052509119969e+01
1.722080919216290917e+00 1.921739238379597126e+01
1.753410481286623579e+00 1.840090815514708211e+01
1.785310017420636663e+00 1.761804091219952895e+01
1.817789897071716787e+00 1.686752877072680690e+01
1.850860678343162258e+00 1.614816272514167395e+01
1.884533111420275020e+00 1.545869070682442192e+01
1.918818142064890653e+00 1.479790945717548922e+01
1.953726915173450651e+00 1.416466271449313652e+01
1.989270778399840234e+00 1.355764871174830510e+01
2.025461285844135872e+00 1.297601417931050349e+01
2.062310201808426502e+00 1.241872316264204201e+01
2.099829504620999376e+00 1.188478922685397521e+01
2.138031390530099607e+00 1.137326600233009444e+01
2.176928277668485734e+00 1.088318262112414381e+01
2.216532810090176664e+00 1.041363650889628367e+01
2.256857861880572358e+00 9.963878691727845904e+00
2.297916541341392893e+00 9.533103691235154997e+00
2.339722195251757952e+00 9.120535060448158760e+00
2.382288413206739008e+00 8.725423037481519373e+00
2.425629032034890553e+00 8.346965566008570647e+00
2.469758140296145932e+00 7.984542281364800154e+00
2.514690082861498865e+00 7.637510148463373838e+00
2.560439465576048956e+00 7.305235738272975787e+00
2.607021160006877558e+00 6.987110946744314433e+00
2.654450308277259918e+00 6.682540518854069411e+00
2.702742327988867821e+00 6.390894845937808100e+00
2.751912917233522826e+00 6.111714743809098849e+00
2.801978059696081491e+00 5.844481130861220564e+00
2.852954029850200968e+00 5.588694690864524084e+00
2.904857398248635203e+00 5.343875835461064483e+00
2.957705036909722196e+00 5.109540789563880026e+00
3.011514124801920822e+00 4.885248685264234503e+00
3.066302153428126953e+00 4.670609285249992304e+00
3.122086932511527912e+00 4.465218420990191284e+00
3.178886595784957247e+00 4.268686399822436250e+00
3.236719606885571920e+00 4.080637330956651709e+00
3.295604765356715760e+00 3.900684007803033815e+00
3.355561212759026635e+00 3.728508946584471406e+00
3.416608438892731137e+00 3.563793608377287647e+00
3.478766288133063878e+00 3.406221429249148169e+00
3.542054965881055395e+00 3.255489021765857416e+00
3.606495045131572041e+00 3.111302637625155132e+00
3.672107473160914903e+00 2.973363644272776884e+00
3.738913578336090726e+00 2.841430192836444046e+00
3.806935077047892690e+00 2.715247142601437957e+00
3.876194080770182016e+00 2.594570046586531564e+00
3.946713103247599275e+00 2.479164798105919054e+00
4.018515067813969388e+00 2.368797668773983567e+00
4.091623314843920944e+00 2.263247759740217191e+00
4.166061609340070859e+00 2.162320032607285558e+00
4.241854148658170232e+00 2.065818578256229276e+00
4.319025570372864387e+00 1.973553587924846031e+00
4.397600960286556671e+00 1.885340485778512321e+00
4.477605860583897091e+00 1.800992460663751960e+00
4.559066278134701555e+00 1.720356510140321538e+00
4.642008692947928949e+00 1.643274108960397939e+00
4.726460066779375246e+00 1.569590709958708752e+00
4.812447851896049400e+00 1.499158953840948438e+00
4.900000000000001243e+00 1.431836540930698565e+00
