# k[h/Mpc]    Pk[Mpc^3/h^3] (CDM+baryons, z=0, massless neutrinos)
6.774200000000000837e-04 5.499009014455587931e+03
7.434676137203057381e-04 5.981200061356143124e+03
8.159547882421044288e-04 6.500549758206774641e+03
8.955093727938571524e-04 7.058779113819101440e+03
9.828204311287198815e-04 7.657426981683621307e+03
1.078644209865122806e-03 8.297782412472612123e+03
1.183810688733204566e-03 8.980804840831402544e+03
1.299230769462177311e-03 9.707031385634740218e+03
1.425904165575332498e-03 1.047647255201215194e+04
1.564928061430334713e-03 1.128849891947243304e+04
1.717506615505232873e-03 1.214170853701247324e+04
1.884961390243151047e-03 1.303379051054152842e+04
2.068742798793932192e-03 1.396137271040718952e+04
2.270442667798989837e-03 1.491985996193063875e+04
2.491808025032153304e-03 1.590326293690773127e+04
2.734756231318477473e-03 1.690401862999032892e+04
3.001391587796473776e-03 1.791283252360296319e+04
3.294023562367871978e-03 1.891845579758188615e+04
3.615186793203780270e-03 1.990755230235772615e+04
3.967663042567948044e-03 2.086452657322438245e+04
4.354505291110742984e-03 2.177141093604850903e+04
4.779064181327024978e-03 2.260779242193064420e+04
5.245017039218490690e-03 2.335090128924661622e+04
5.756399725532341388e-03 2.397576723696435147e+04
6.317641592456308547e-03 2.445575822808102021e+04
6.933603848548384324e-03 2.476328083079277349e+04
7.609621664199754665e-03 2.487124793700509326e+04
8.351550382328447666e-03 2.475476121733061518e+04
9.165816234558532560e-03 2.439408637326538883e+04
1.005947200216419750e-02 2.377763635601269198e+04
1.104025810388717041e-02 2.290624190029942474e+04
1.211666963974087838e-02 2.179690132121180432e+04
1.329802997150280816e-02 2.048635350184883282e+04
1.459457147721399291e-02 1.903177647798261387e+04
1.601752417914252546e-02 1.750913640610142465e+04
1.757921301286410193e-02 1.600595126964735755e+04
1.929316457995780901e-02 1.460946948477054502e+04
2.117422430895805549e-02 1.339038103334696279e+04
2.323868503935452509e-02 1.238441854001348111e+04
2.550442814237354611e-02 1.157466206685192628e+04
2.799107840086132934e-02 1.088074213367780249e+04
3.072017398976465558e-02 1.016774684837973655e+04
3.371535302949858759e-02 9.293304264349371806e+03
3.700255832803727579e-02 8.195333212100546007e+03
4.061026208510571528e-02 6.970206019111077694e+03
4.456971250475298685e-02 5.849073592197811195e+03
4.891520445234683045e-02 5.043079915225371224e+03
5.368437650029109220e-02 4.566004452999012756e+03
5.891853693533388725e-02 4.187864927615381930e+03
6.466302155118597295e-02 3.637658582176330128e+03
7.096758632547749135e-02 2.962667038089264679e+03
7.788683838223349476e-02 2.468445487451824192e+03
8.548070897265840073e-02 2.208350282439058901e+03
9.381497257096374498e-02 1.907855277047945037e+03
1.029618165813977054e-01 1.541254985111205542e+03
1.130004665910064043e-01 1.316996058040959497e+03
1.240178725837689372e-01 1.125094733844458460e+03
1.361094620597614879e-01 9.168489950320781645e+02
1.493799665825121248e-01 7.793775252303559000e+02
1.639443289137011150e-01 6.392282075191784543e+02
1.799286985923744531e-01 5.339013351100161344e+02
1.974715245819032572e-01 4.383044123183397573e+02
2.167247544486704536e-01 3.620550073929810537e+02
2.378551504592016363e-01 2.971685643807917927e+02
2.610457339951388067e-01 2.432767336109213545e+02
2.864973707968934691e-01 1.988178541882477930e+02
3.144305107665970600e-01 1.620863872129608865e+02
3.450870973996912894e-01 1.318417187163021254e+02
3.787326633837433398e-01 1.070069531576891677e+02
4.156586305155553496e-01 8.667110407921234128e+01
4.561848338573565864e-01 7.006296800194337493e+01
5.006622919951035922e-01 5.653183324125232190e+01
5.494762473935499436e-01 4.553086956574149013e+01
6.030495031821785368e-01 3.660866949933659953e+01
6.618460852736415267e-01 2.938574256527651940e+01
7.263752615342338181e-01 2.355065851233606011e+01
7.971959528185171839e-01 1.884577432428831401e+01
8.749215740743828684e-01 1.505888590937820126e+01
9.602253474498770869e-01 1.201613886317565516e+01
1.053846133421380449e+00 9.575380063568012190e+00
1.156594830449596323e+00 7.620560060950964498e+00
1.269361398594082146e+00 6.057358845789674540e+00
1.393122567921544874e+00 4.809053756626116893e+00
1.528950298474411218e+00 3.813684462116347706e+00
1.678021065075905316e+00 3.020985456631260391e+00
1.841626047392150411e+00 2.390527111779144676e+00
2.021182313512740247e+00 1.889716864625914816e+00
2.218245093916633159e+00 1.492354713770055019e+00
2.434521252134532077e+00 1.177429322400188605e+00
2.671884068784259547e+00 9.281133122619034115e-01
2.932389467031288000e+00 7.309472877497731336e-01
3.218293820011677742e+00 5.751763283828739137e-01
3.532073494456749785e+00 4.522292491171009399e-01
3.876446299797025929e+00 3.552793615485678735e-01
4.254395028527364175e+00 2.789008618456026989e-01
4.669193291728575446e+00 2.187780536578414481e-01
5.124433873520568561e+00 1.714931331447938356e-01
5.624059850039627051e+00 1.343338181646242524e-01
6.172398742477549050e+00 1.051550872387353036e-01
6.774200000000000443e+00 8.225939383802891025e-02
