# k[h/Mpc]    Pk[Mpc^3/h^3] (CDM+baryons, z=0, sum m_nu = 0.12 eV)
1.000000000000000048e-04 4.392365721676871431e+02
1.018192851288654056e-04 4.469159882980341649e+02
1.036716682415320324e-04 4.547298670654290618e+02
1.055577514846969182e-04 4.626803032953254160e+02
1.074781479598227148e-04 4.707691280369950846e+02
1.094334819224358437e-04 4.789985299559907617e+02
1.114243889850503427e-04 4.873726590089129331e+02
1.134515163237845173e-04 4.958917721880117710e+02
1.155155228887354377e-04 5.045601641556542631e+02
1.176170796181814416e-04 5.133805001458158586e+02
1.197568696566808123e-04 5.223552421462460416e+02
1.219355885771395451e-04 5.314868122921465101e+02
1.241539446069180779e-04 5.407773589491258690e+02
1.264126588580515400e-04 5.502304478698695220e+02
1.287124655616594384e-04 5.598481066969617359e+02
1.310541123066188615e-04 5.696334452016061505e+02
1.334383602825797493e-04 5.795894191211993984e+02
1.358659845274025704e-04 5.897179276983229101e+02
1.383377741790963323e-04 6.000244704608817301e+02
1.408545327323400568e-04 6.105119449098568793e+02
1.434170782996723684e-04 6.211819675166084380e+02
1.460262438774317321e-04 6.320369646369396150e+02
1.486828776165345905e-04 6.430804759832510626e+02
1.513878430981813628e-04 6.543183733816691756e+02
1.541420196145766618e-04 6.657517441009229060e+02
1.569463024547576211e-04 6.773832805144585336e+02
1.598016031956211612e-04 6.892169152999103972e+02
1.627088499982476107e-04 7.012570622221822987e+02
1.656689879096138421e-04 7.135082912794836147e+02
1.686829791697952625e-04 7.259735786871898426e+02
1.717518035247584925e-04 7.386565567528678002e+02
1.748764585448427458e-04 7.515596649442290982e+02
1.780579599490355648e-04 7.646870180291793986e+02
1.812973419351494885e-04 7.780432694048676012e+02
1.845956575160039546e-04 7.916328291657586078e+02
1.879539788617241337e-04 8.054589854802497939e+02
1.913733976482663102e-04 8.195235895632625898e+02
1.948550254122856829e-04 8.338347149266696761e+02
1.983999939124585297e-04 8.483958779408181954e+02
2.020094554973777819e-04 8.632084606231619546e+02
2.056845834801435461e-04 8.782805756662364729e+02
2.094265725197667807e-04 8.936141311548354906e+02
2.132366390095114320e-04 9.092152490726783753e+02
2.171160214723039149e-04 9.250880524651373662e+02
2.210659809633339990e-04 9.412364055236141667e+02
2.250878014799803737e-04 9.576645018612855438e+02
2.291827903791957422e-04 9.743805336517090154e+02
2.333522788024834985e-04 9.913855047323547751e+02
2.375976221086056330e-04 1.008684386841723722e+03
2.419202003141653350e-04 1.026283653308667226e+03
2.463214185422023359e-04 1.044189834960190410e+03
2.508027074789512386e-04 1.062407813789954389e+03
2.553655238389076002e-04 1.080941142715913884e+03
2.600113508383580818e-04 1.099795582234217591e+03
2.647416986775227160e-04 1.118976699497296977e+03
2.695581050314685314e-04 1.138490955754294191e+03
2.744621355499574371e-04 1.158344970071064154e+03
2.794553843663845458e-04 1.178542041041030870e+03
2.845394746159758551e-04 1.199088326280515275e+03
2.897160589634161019e-04 1.219990417936573067e+03
2.949868201400724570e-04 1.241256020446921184e+03
3.003534714909940903e-04 1.262891415062842952e+03
3.058177575318607564e-04 1.284900520693111730e+03
3.113814545160675839e-04 1.307289620047606149e+03
3.170463710121235027e-04 1.330067890277533706e+03
3.228143484915545593e-04 1.353239019559018971e+03
3.286872619275051630e-04 1.376810182642862173e+03
3.346670204042274878e-04 1.400788808893182249e+03
3.407555677376585749e-04 1.425178119442836760e+03
3.469548831072907032e-04 1.449995353717987655e+03
3.532669816995344099e-04 1.475236632314337385e+03
3.596939153627857458e-04 1.500911768081006585e+03
3.662377732744146039e-04 1.527030609264063514e+03
3.729006826198842401e-04 1.553601324740020573e+03
3.796848092842254412e-04 1.580625527811079792e+03
3.865923585560943217e-04 1.608115876824718725e+03
3.936255758446357959e-04 1.636078656918483603e+03
4.007867474093881042e-04 1.664523226286266890e+03
4.080782011034704971e-04 1.693457806520729719e+03
4.155023071302878300e-04 1.722887832075474989e+03
4.230614788140018689e-04 1.752829486984461937e+03
4.307581733840231200e-04 1.783277084753591453e+03
4.385948927737709220e-04 1.814246253885184842e+03
4.465741844339673225e-04 1.845748074682756851e+03
4.546986421607269535e-04 1.877790245312768093e+03
4.629709069387099988e-04 1.910375940999583008e+03
4.713936677996192776e-04 1.943524005568818211e+03
4.799696626963114669e-04 1.977237328445522508e+03
4.887016793928109122e-04 2.011526715086802369e+03
4.975925563705199022e-04 2.046402047679563111e+03
5.066451837509105497e-04 2.081871550219666460e+03
5.158625042350036471e-04 2.117940754925071360e+03
5.252475140599437630e-04 2.154618202147474676e+03
5.348032639729722064e-04 2.191915539604250625e+03
5.445328602231193230e-04 2.229849771600659551e+03
5.544394655709439885e-04 2.268432993900988549e+03
5.645263003166376423e-04 2.307665806917375903e+03
5.747966433468323271e-04 2.347557959051747275e+03
5.852538332004588112e-04 2.388122304062890180e+03
5.959012691539901374e-04 2.429374023207833943e+03
6.067424123264289265e-04 2.471323565681037962e+03
6.177807868044028370e-04 2.513979316721266969e+03
6.290199807877237988e-04 2.557349736907771330e+03
6.404636477557869127e-04 2.601446959914244417e+03
6.521155076551968374e-04 2.646280006327132014e+03
6.639793481089937589e-04 2.691866168270522849e+03
6.760590256478781488e-04 2.738214809129162404e+03
6.883584669638424022e-04 2.785329319764835873e+03
7.008816701866015138e-04 2.833242357412474576e+03
7.136327061832506164e-04 2.881940356007884020e+03
7.266157198815622470e-04 2.931453972916431212e+03
7.398349316173659113e-04 2.981788978159641829e+03
7.532946385064322441e-04 3.032952627971344555e+03
7.669992158413210326e-04 3.084967233262836999e+03
7.809531185136364337e-04 3.137827400781333836e+03
7.951608824621657834e-04 3.191553945703095906e+03
8.096271261473557369e-04 3.246163813721519091e+03
8.243565520526149317e-04 3.301671437978514405e+03
8.393539482129358346e-04 3.358088815215038267e+03
8.546241897713193272e-04 3.415420223092118249e+03
8.701722405635155082e-04 3.473676879556797758e+03
8.860031547316025383e-04 3.532881091983387250e+03
9.021220783669138630e-04 3.593049892296308371e+03
9.185342511828547196e-04 3.654197969751549408e+03
9.352450082181596814e-04 3.716335906340181737e+03
9.522597815711297603e-04 3.779449124012183347e+03
9.695841021654195762e-04 3.843585332659024971e+03
9.872236015479583272e-04 3.908741048129647879e+03
1.005184013719570731e-03 3.974939277279248472e+03
1.023471176998903354e-03 4.042202558638209666e+03
1.042091035920268260e-03 4.110530026110363906e+03
1.061049643166006237e-03 4.179916078119274061e+03
1.080353161534003880e-03 4.250397765512198021e+03
1.100007865941020346e-03 4.321995758724462576e+03
1.120020145462436367e-03 4.394720650869678138e+03
1.140396505409130030e-03 4.468579384095189198e+03
1.161143569442140474e-03 4.543582912965309333e+03
1.182268081725779563e-03 4.619742068466058299e+03
1.203776909119937686e-03 4.697083426925424646e+03
1.225677043412273662e-03 4.775620049389200176e+03
1.247975603590990466e-03 4.855363102567181159e+03
1.270679838158989732e-03 4.936322954825968736e+03
1.293797127490108707e-03 5.018505402560273978e+03
1.317334986228223953e-03 5.101906909724507386e+03
1.341301065730015436e-03 5.186570485356395693e+03
1.365703156552156234e-03 5.272522353873937391e+03
1.390549190983755108e-03 5.359778161274466584e+03
1.415847245624880920e-03 5.448331868975195903e+03
1.441605544011986383e-03 5.538162614931891767e+03
1.467832459291095685e-03 5.629319200195565827e+03
1.494536516939638099e-03 5.721826076604997070e+03
1.521726397537785614e-03 5.815686767416565090e+03
1.549410939590209870e-03 5.910899631815853354e+03
1.577599142399188420e-03 6.007494925999602856e+03
1.606300168989966727e-03 6.105466251859560543e+03
1.635523349089341256e-03 6.204836390830318123e+03
1.665278182158445083e-03 6.305636590561857702e+03
1.695574340480695760e-03 6.407882575423384878e+03
1.726421672305918737e-03 6.511563275425231041e+03
1.757830205051689977e-03 6.616655304626533507e+03
1.789810148562901533e-03 6.723208726282755379e+03
1.822371898430628434e-03 6.831229729942146150e+03
1.855526039371401025e-03 6.940733560582642895e+03
1.889283348667912315e-03 7.051744072343441076e+03
1.923654799672356013e-03 7.164274065253808658e+03
1.958651565373502844e-03 7.278267909009071445e+03
1.994285022028632545e-03 7.393783303380532743e+03
2.030566752861590052e-03 7.510824314331132882e+03
2.067508551828088018e-03 7.629415971089156301e+03
2.105122427449517258e-03 7.749589988614882714e+03
2.143420606716516918e-03 7.871274107406516123e+03
2.182415539063549490e-03 7.994484235435406845e+03
2.222119900415780395e-03 8.119273488364765399e+03
2.262546597309603950e-03 8.245654370296713751e+03
2.303708771088110261e-03 8.373634853001325610e+03
2.345619802172884284e-03 8.503215855060681861e+03
2.388293314413537840e-03 8.634302592629988794e+03
2.431743179516352837e-03 8.766961979043902829e+03
2.475983521553492845e-03 8.901197770596952978e+03
2.521028721554273606e-03 9.037047743760147569e+03
2.566893422179938791e-03 9.174552754168938918e+03
2.613592532483482739e-03 9.313670153556542573e+03
2.661141232756091858e-03 9.454299472084374429e+03
2.709554979461731641e-03 9.596510341019378757e+03
2.758849510261511279e-03 9.740333092091557774e+03
2.809040849129475128e-03 9.885782642314910845e+03
2.860145311561445615e-03 1.003285642927356275e+04
2.912179509878621078e-03 1.018146755712773120e+04
2.965160358627711400e-03 1.033159438859726652e+04
3.019105080079240774e-03 1.048332163675187257e+04
3.074031209825939682e-03 1.063666483877566134e+04
3.129956602482987689e-03 1.079162344512113668e+04
3.186899437491901629e-03 1.094817132336755458e+04
3.244878225030087531e-03 1.110609225152881663e+04
3.303911812027855201e-03 1.126561645991265505e+04
3.364019388294905554e-03 1.142670355043256495e+04
3.425220492758303866e-03 1.158931175654671642e+04
3.487535019813910002e-03 1.175342549013219832e+04
3.550983225793357713e-03 1.191903105494666124e+04
3.615585735548721910e-03 1.208596366532558022e+04
3.681363549156942572e-03 1.225438465354468644e+04
3.748338048746226604e-03 1.242427272670557068e+04
3.816531005446670635e-03 1.259560512422597094e+04
3.885964586467303538e-03 1.276836356726838676e+04
3.956661362301879675e-03 1.294239531258765601e+04
4.028644314065801639e-03 1.311776352922897240e+04
4.101936840966486156e-03 1.329448423211107183e+04
4.176562767909641240e-03 1.347252096791835538e+04
4.252546353243950861e-03 1.365186525120870829e+04
4.329912296646630868e-03 1.383253648064006848e+04
4.408685747152437870e-03 1.401413011659162476e+04
4.488892311328791275e-03 1.419688809892710560e+04
4.570558061599583680e-03 1.438080916917222385e+04
4.653709544720419609e-03 1.456588878213432690e+04
4.738373790408112810e-03 1.475211382513312674e+04
4.824578320127069324e-03 1.493931698822916405e+04
4.912351156035600803e-03 1.512725481510210921e+04
5.001720830095009521e-03 1.531617205583706527e+04
5.092716393344296974e-03 1.550603444759388367e+04
5.185367425343695783e-03 1.569679450331966473e+04
5.279704043790010327e-03 1.588839539759528816e+04
5.375756914306787163e-03 1.608049176687440377e+04
5.473557260412724793e-03 1.627315342397711356e+04
5.573136873671352513e-03 1.646649411353137839e+04
5.674528124025369699e-03 1.666043687287599460e+04
5.777763970319049064e-03 1.685491894101475555e+04
5.882877971012012881e-03 1.704992313763718266e+04
5.989904295087934011e-03 1.724481723487750060e+04
6.098877733161739596e-03 1.744003370648964847e+04
6.209833708788841528e-03 1.763552614482825447e+04
6.322808289980108576e-03 1.783122243623395480e+04
6.437838200926385319e-03 1.802703462983862846e+04
6.554960833936262360e-03 1.822265496424097364e+04
6.674214261591017439e-03 1.841784737447859879e+04
6.795637249120757215e-03 1.861291153708833372e+04
6.919269267005656761e-03 1.880776077405203978e+04
7.045150503806445370e-03 1.900229915403497216e+04
7.173321879228382672e-03 1.919642381513736836e+04
7.303825057422841556e-03 1.938950191601592815e+04
7.436702460530880687e-03 1.958174320549987169e+04
7.571997282473287398e-03 1.977323973407516678e+04
7.709753502991424298e-03 1.996389310532730087e+04
7.850015901943519989e-03 2.015360992337540301e+04
7.992830073861156154e-03 2.034225019965069077e+04
8.138242442770402332e-03 2.052904072605475812e+04
8.286300277282729679e-03 2.071448428228232297e+04
8.437051705960476808e-03 2.089846516399715620e+04
8.590545732961701528e-03 2.108088152567881116e+04
8.746832253969855087e-03 2.126163323908666280e+04
8.905962072413141362e-03 2.144019519183659213e+04
9.067986915978947307e-03 2.161620492401280353e+04
9.232959453428814245e-03 2.179012907002289649e+04
9.400933311719227026e-03 2.196183912027930273e+04
9.571963093433890138e-03 2.213119042061459550e+04
9.746104394533217086e-03 2.229803156617651257e+04
9.923413822426669154e-03 2.246134775446330968e+04
1.010394901437385203e-02 2.262151064666545426e+04
1.028776865622049903e-02 2.277869462176073648e+04
1.047493250147520615e-02 2.293276095035069375e+04
1.066550139073323480e-02 2.308352958987797319e+04
1.085953727145377856e-02 2.323062915633648663e+04
1.105710321809694544e-02 2.337301860718473836e+04
1.125826345262708091e-02 2.351159882462320093e+04
1.146308336538921606e-02 2.364617031322789990e+04
1.167162953636518598e-02 2.377657300378521541e+04
1.188396975681655331e-02 2.390266289502196378e+04
1.210017305132118047e-02 2.402352416137274122e+04
1.232030970021084568e-02 2.413882211251071931e+04
1.254445126241695782e-02 2.424922936952967939e+04
1.277267059873187817e-02 2.435455373825804054e+04
1.300504189549357356e-02 2.445458314275819430e+04
1.324164068870101706e-02 2.454911910828443433e+04
1.348254388856834698e-02 2.463676281226124775e+04
1.372782980452582312e-02 2.471829700823273015e+04
1.397757817067552845e-02 2.479379957849492348e+04
1.423187017171016755e-02 2.486310568603481806e+04
1.449078846930352236e-02 2.492604838870943786e+04
1.475441722898090599e-02 2.498207802393280144e+04
1.502284214747852745e-02 2.502972199730914144e+04
1.529615048060052954e-02 2.507042264875777619e+04
1.557443107158297015e-02 2.510398309780687123e+04
1.585777437997368949e-02 2.513024136181787253e+04
1.614627251103758002e-02 2.514904710962329045e+04
1.644001924569696987e-02 2.515896821076978449e+04
1.673911007101656218e-02 2.516001991037170228e+04
1.704364221124297918e-02 2.515312157436324196e+04
1.735371465940915153e-02 2.513811323125140916e+04
1.766942820951353937e-02 2.511483415407418215e+04
1.799088548928476708e-02 2.508315144915836936e+04
1.831819099354253105e-02 2.504084686488032821e+04
1.865145111816521317e-02 2.498955256629037103e+04
1.899077419467561437e-02 2.492948841945432650e+04
1.933627052545575792e-02 2.486059925039959853e+04
1.968805241960255858e-02 2.478280796241320786e+04
2.004623422943563674e-02 2.469536322488112273e+04
2.041093238766928872e-02 2.459689375852622470e+04
2.078226544526092998e-02 2.448920442652463316e+04
2.116035410994791810e-02 2.437241702110634287e+04
2.154532128548546088e-02 2.424658672312885756e+04
2.193729211159857126e-02 2.411169386212361496e+04
2.233639400466067362e-02 2.396611158223058010e+04
2.274275669911225012e-02 2.381050111540935177e+04
2.315651228963324162e-02 2.364603475367703504e+04
2.357779527408245326e-02 2.347279039911901054e+04
2.400674259721816833e-02 2.329085503769786374e+04
2.444349369521435500e-02 2.310032222199713578e+04
2.488819054098654476e-02 2.289882014874897868e+04
2.534097769034242970e-02 2.268905209542091688e+04
2.580200232897193052e-02 2.247135591735113849e+04
2.627141432029242440e-02 2.224580866273209176e+04
2.674936625416414818e-02 2.201260852449157755e+04
2.723601349649189957e-02 2.177167772737215637e+04
2.773151423972935320e-02 2.152205570908968002e+04
2.823602955430197167e-02 2.126605114786031118e+04
2.874972344096543217e-02 2.100424540289636934e+04
2.927276288411684996e-02 2.073717114360007326e+04
2.980531790607564985e-02 2.046529256668537710e+04
3.034756162235194635e-02 2.018772861278188066e+04
3.089967029792066097e-02 1.990538267383970015e+04
3.146182340451917497e-02 1.961961510800853284e+04
3.203420367898752313e-02 1.933100004420749610e+04
3.261699718266979769e-02 1.903998762499923396e+04
3.321039336189655911e-02 1.874681821194048825e+04
3.381458510956728697e-02 1.845055813152399060e+04
3.442976882785318132e-02 1.815354935964076867e+04
3.505614449204105115e-02 1.785647436751921123e+04
3.569391571553836434e-02 1.756009231053827534e+04
3.634328981606090719e-02 1.726510268937388901e+04
3.700447788302495961e-02 1.697162611081628347e+04
3.767769484616516340e-02 1.668034262812844099e+04
3.836315954540073236e-02 1.639234790010972210e+04
3.906109480197312439e-02 1.610827440162670246e+04
3.977172749087744263e-02 1.582874876535564363e+04
4.049528861461189344e-02 1.555431615409072401e+04
4.123201337826865737e-02 1.528523954245470486e+04
4.198214126599129209e-02 1.502194548044170187e+04
4.274591611882278680e-02 1.476474633696634919e+04
4.352358621396981014e-02 1.451396884486760428e+04
4.431540434550947788e-02 1.426990540427686756e+04
4.512162790656396028e-02 1.403283957550810737e+04
4.594251897297006032e-02 1.380407682418896729e+04
4.677834438847147669e-02 1.358314173653035687e+04
4.762937585146043151e-02 1.337002975473636616e+04
4.849589000329746630e-02 1.316479654727169327e+04
4.937816851823838976e-02 1.296748621148885650e+04
5.027649819499679928e-02 1.277851992336306284e+04
5.119117104997271406e-02 1.259775491821450851e+04
5.212248441217692818e-02 1.242413986579681296e+04
5.307074101988284998e-02 1.225730055488381549e+04
5.403624911903631006e-02 1.209678122008809623e+04
5.501932256345561101e-02 1.194207438526548140e+04
5.602028091685504890e-02 1.179338251664368727e+04
5.703944955672407557e-02 1.164925611585931438e+04
5.807715978009624774e-02 1.150864736452616125e+04
5.913374891124294208e-02 1.137075803509142679e+04
6.020956041132585757e-02 1.123474823034205292e+04
6.130494399004434575e-02 1.109965492822452143e+04
6.242025571931449079e-02 1.096383111099167036e+04
6.355585814901575092e-02 1.082648802501563296e+04
6.471212042484364435e-02 1.068666080228258033e+04
6.588941840830631058e-02 1.054346394507083096e+04
6.708813479890453346e-02 1.039605926037296013e+04
6.830865925853425724e-02 1.024250203654198049e+04
6.955138853815211186e-02 1.008122368031990482e+04
7.081672660674612207e-02 9.912844261409605679e+03
7.210508478265199861e-02 9.736929519665709449e+03
7.341688186725858767e-02 9.553220925015859393e+03
7.475254428114630478e-02 9.361636876038603077e+03
7.611250620270181011e-02 9.159349120107879571e+03
7.749720970925433328e-02 8.948469676842789340e+03
7.890710492078044369e-02 8.730305802897739341e+03
8.034265014622242462e-02 8.505622027080364205e+03
8.180431203246910088e-02 8.275378696212104842e+03
8.329256571604647108e-02 8.040386103249889857e+03
8.480789497756895112e-02 7.800549315025918077e+03
8.635079239899974557e-02 7.559687078863535135e+03
8.792175952377219439e-02 7.319417408801556121e+03
8.952130701982498329e-02 7.081516024136952183e+03
9.114995484560270422e-02 6.847722768459978397e+03
9.280823241907629195e-02 6.619308105501233513e+03
9.449667878983940283e-02 6.398949135931380624e+03
9.621584281433476216e-02 6.188292451689117115e+03
9.796628333426847524e-02 5.988226165512690386e+03
9.974856935827097759e-02 5.799706465928344187e+03
1.015632802468619950e-01 5.623834953477525232e+03
1.034110059007811722e-01 5.463134141942816314e+03
1.052923469527442119e-01 5.316460603040804926e+03
1.072079149626888606e-01 5.183006453573406361e+03
1.091583326165718459e-01 5.062235179405070994e+03
1.111442339287825876e-01 4.953402815183248094e+03
1.131662644482403085e-01 4.855823918130884522e+03
1.152250814682397734e-01 4.768649131432836839e+03
1.173213542401145143e-01 4.688181849004487049e+03
1.194557641907884188e-01 4.612424177986157702e+03
1.216290051442840969e-01 4.539254484020063501e+03
1.238417835472609974e-01 4.466509034948023327e+03
1.260948186986580177e-01 4.391290843066077286e+03
1.283888429835126355e-01 4.310591635043901078e+03
1.307246021110340384e-01 4.223507255663887918e+03
1.331028553570085537e-01 4.129019921244453144e+03
1.355243758106138563e-01 4.026482732852023219e+03
1.379899506257241670e-01 3.915650630741160967e+03
1.405003812767867122e-01 3.794237889000052292e+03
1.430564838193544852e-01 3.666286969053619487e+03
1.456590891553579126e-01 3.534049092075806584e+03
1.483090433032021316e-01 3.399702150996505225e+03
1.510072076727798640e-01 3.265515699765607224e+03
1.537544593454858166e-01 3.133724155221159890e+03
1.565516913593256454e-01 3.007703697054362237e+03
1.593998129992131307e-01 2.890037594406242988e+03
1.622997500925472680e-01 2.782025272930579376e+03
1.652524453101666957e-01 2.684485679925605837e+03
1.682588584727810199e-01 2.597811455979755010e+03
1.713199668629750150e-01 2.523267492633236543e+03
1.744367655428904484e-01 2.459395229112372363e+03
1.776102676776860900e-01 2.403478372357448734e+03
1.808415048648842893e-01 2.353469832661410692e+03
1.841315274697077342e-01 2.307109817414587724e+03
1.874814049665168569e-01 2.261969564101962078e+03
1.908922262864606312e-01 2.214089852795425486e+03
1.943651001714505333e-01 2.161607128727763666e+03
1.979011555345740747e-01 2.103608798079735152e+03
2.015015418270673930e-01 2.039870450800211529e+03
2.051674294119619768e-01 1.970819920273176876e+03
2.089000099445292302e-01 1.897044094893693682e+03
2.127004967596484164e-01 1.820648028733643514e+03
2.165701252662195486e-01 1.745321132157241209e+03
2.205101533487533183e-01 1.673068673414383966e+03
2.245218617762654856e-01 1.605515900016837350e+03
2.286065546186128450e-01 1.543904455193256126e+03
2.327655596704011065e-01 1.490118861519968050e+03
2.370002288826050518e-01 1.443828894905863081e+03
2.413119388020432687e-01 1.403308391094572926e+03
2.457020910188459084e-01 1.366947829717596505e+03
2.501721126220631253e-01 1.332985809853471210e+03
2.547234566635647179e-01 1.299635579011671098e+03
2.593576026303771598e-01 1.263981639236417323e+03
2.640760569256134782e-01 1.225331579965640685e+03
2.688803533581552996e-01 1.183786636551646552e+03
2.737720536412410199e-01 1.139991817884262900e+03
2.787527479001258301e-01 1.095010434794487082e+03
2.838240551889765206e-01 1.050280971969949178e+03
2.889876240171723176e-01 1.008120166369217145e+03
2.942451328851785064e-01 9.696861928670542738e+02
2.995982908301688674e-01 9.352447751936626901e+02
3.050488379815770590e-01 9.045548325775872627e+02
3.105985461267529724e-01 8.769502751735709580e+02
3.162492192869091334e-01 8.512633458494519800e+02
3.220026943035488309e-01 8.256307761850431461e+02
3.278608414355596024e-01 7.992324191432098814e+02
3.338255649671697523e-01 7.717271748504938387e+02
3.398988038269684098e-01 7.432223894109037019e+02
3.460825322181838581e-01 7.142853219965851395e+02
3.523787602604305236e-01 6.860835774459206959e+02
3.587895346431287935e-01 6.596764973828405800e+02
3.653169392908166557e-01 6.354233791130196778e+02
3.719630960405611586e-01 6.132667545528385062e+02
3.787301653316944572e-01 5.928253078601808284e+02
3.856203469081013746e-01 5.733745682675215676e+02
3.926358805332800794e-01 5.539813963767984433e+02
3.997790467184118013e-01 5.342955402449205167e+02
4.070521674636797815e-01 5.143973902818233910e+02
4.144576070130712719e-01 4.946105106630656678e+02
4.219977726229114934e-01 4.754115055923507498e+02
4.296751153443834070e-01 4.573777858038968702e+02
4.374921308202791015e-01 4.407201719211309978e+02
4.454513600962493047e-01 4.250758680407304837e+02
4.535553904468090924e-01 4.100893371468869191e+02
4.618068562163753499e-01 3.954301778832930836e+02
4.702084396756012197e-01 3.808223117191149072e+02
4.787628718932894767e-01 3.662311306628167245e+02
4.874729336241730993e-01 3.521153099197613301e+02
4.963414562128421470e-01 3.386883221758041032e+02
5.053713225141164278e-01 3.260109750781832076e+02
5.145654678301662122e-01 3.140090043691625397e+02
5.239268808646776465e-01 3.024281964291890290e+02
5.334586046943771143e-01 2.910638120274773541e+02
5.431637377582348991e-01 2.799568051618524009e+02
5.530454348646605123e-01 2.691995755249887452e+02
5.631069082170223616e-01 2.588662966956284777e+02
5.733514284578283826e-01 2.489895419257375977e+02
5.837823257318991432e-01 2.395345419138801333e+02
5.944029907688848091e-01 2.304078364868806545e+02
6.052168759854743563e-01 2.215756311512388947e+02
6.162274966076619620e-01 2.130317252041055838e+02
6.274384318134254013e-01 2.047829796757863505e+02
6.388533258961933692e-01 1.968417047580056192e+02
6.504758894494848676e-01 1.892093509169015988e+02
6.623099005730950228e-01 1.818672817133322894e+02
6.743592061012246841e-01 1.747969448357562783e+02
6.866277228529591437e-01 1.679841457757082139e+02
6.991194389054908864e-01 1.614187909611439125e+02
7.118384148905058106e-01 1.550933863787552696e+02
7.247887853141601333e-01 1.490034180298772526e+02
7.379747599010648695e-01 1.431423430975305280e+02
7.514006249627259715e-01 1.375020851154067714e+02
7.650707447908745573e-01 1.320744012511255505e+02
7.789895630761547451e-01 1.268509039594346746e+02
7.931616043526137361e-01 1.218218838587922477e+02
8.075914754684712094e-01 1.169822756718148469e+02
8.222838670836538633e-01 1.123259705520976581e+02
8.372435551945670573e-01 1.078469997427956599e+02
8.524754026866058210e-01 1.035394042010808562e+02
8.679843609149188177e-01 9.939630924205972917e+01
8.837754713139223117e-01 9.541087235246439491e+01
8.998538670360967107e-01 9.157873616224769364e+01
9.162247746206046983e-01 8.789422965919905550e+01
9.328935156922580907e-01 8.435191880036062173e+01
9.498655086913979639e-01 8.094660683870779394e+01
9.671462706352423888e-01 7.767258962807240152e+01
9.847414189112857485e-01 7.452529883279440526e+01
1.002656673103317075e+00 7.150060924147851438e+01
1.020897856850663477e+00 6.859402981706843150e+01
1.039470899741254284e+00 6.580121382160641019e+01
1.058381839239129318e+00 6.311790994555373402e+01
1.077636822647020098e+00 6.053897686318143911e+01
1.097242109104616281e+00 5.806155161912867158e+01
1.117204071623204564e+00 5.568188222210635274e+01
1.137529199157325532e+00 5.339627542451016495e+01
1.158224098714097927e+00 5.120120632722610310e+01
1.179295497500937762e+00 4.909312882975290648e+01
1.200750245112352843e+00 4.706823552017723244e+01
1.222595315756498158e+00 4.512404838747301739e+01
1.244837810522259947e+00 4.325748687372310286e+01
1.267484959687586565e+00 4.146558940468420218e+01
1.290544125069789771e+00 3.974550683653803418e+01
1.314022802418629343e+00 3.809409483353422843e+01
1.337928623852933541e+00 3.650886315812963545e+01
1.362269360341522129e+00 3.498755972619344590e+01
1.387052924229306816e+00 3.352769310723193996e+01
1.412287371809304970e+00 3.212685861288652234e+01
1.437980905941474319e+00 3.078275717449332660e+01
1.464141878719193102e+00 2.949276497298249211e+01
1.490778794184223655e+00 2.825521598384063893e+01
1.517900311091094689e+00 2.706806786819606003e+01
1.545515245721778452e+00 2.592935022691840175e+01
1.573632574751544055e+00 2.483716722755514894e+01
1.602261438166979080e+00 2.378956592839337603e+01
1.631411142237097822e+00 2.278468808466931250e+01
1.661091162538472332e+00 2.182106601291286196e+01
1.691311147035430507e+00 2.089706436435051984e+01
1.722080919216290917e+00 2.001111522269817655e+01
1.753410481286623579e+00 1.916171300836976243e+01
1.785310017420636663e+00 1.834724334125924727e+01
1.817789897071716787e+00 1.756639530943516903e+01
1.850860678343162258e+00 1.681790888276250584e+01
1.884533111420275020e+00 1.610049192035728893e+01
1.918818142064890653e+00 1.541289910275007635e+01
1.953726915173450651e+00 1.475392307740332676e+01
1.989270778399840234e+00 1.412221288098893801e+01
2.025461285844135872e+00 1.351688858517760927e+01
2.062310201808426502e+00 1.293687233878142528e+01
2.099829504620999376e+00 1.238114013624811172e+01
2.138031390530099607e+00 1.184871006872577759e+01
2.176928277668485734e+00 1.133857189367835971e+01
2.216532810090176664e+00 1.084978458398373569e+01
2.256857861880572358e+00 1.038157796029811486e+01
2.297916541341392893e+00 9.933113442018346007e+00
2.339722195251757952e+00 9.503583738805495784e+00
2.382288413206739008e+00 9.092211059970427556e+00
2.425629032034890553e+00 8.698161945441770015e+00
2.469758140296145932e+00 8.320787677112519987e+00
2.514690082861498865e+00 7.959425539303225605e+00
2.560439465576048956e+00 7.613416629022040638e+00
2.607021160006877558e+00 7.282127324807598612e+00
2.654450308277259918e+00 6.964938239158921185e+00
2.702742327988867821e+00 6.661198312931107424e+00
2.751912917233522826e+00 6.370428572231127795e+00
2.801978059696081491e+00 6.092090897038913155e+00
2.852954029850200968e+00 5.825665233148934696e+00
2.904857398248635203e+00 5.570651938972836170e+00
2.957705036909722196e+00 5.326551716205384146e+00
3.011514124801920822e+00 5.092901569145050544e+00
3.066302153428126953e+00 4.869298534926270072e+00
3.122086932511527912e+00 4.655321537336946314e+00
3.178886595784957247e+00 4.450565887584426505e+00
3.236719606885571920e+00 4.254642420248306856e+00
3.295604765356715760e+00 4.067143606484059148e+00
3.355561212759026635e+00 3.887743732172880495e+00
3.416608438892731137e+00 3.716110581899713772e+00
3.478766288133063878e+00 3.551914452072755690e+00
3.542054965881055395e+00 3.394839822298039156e+00
3.606495045131572041e+00 3.244581784860807172e+00
3.672107473160914903e+00 3.100828157780726180e+00
3.738913578336090726e+00 2.963328756732483527e+00
3.806935077047892690e+00 2.831817546269514096e+00
3.876194080770182016e+00 2.706040044842613401e+00
3.946713103247599275e+00 2.585752918678313250e+00
4.018515067813969388e+00 2.470713639148647278e+00
4.091623314843920944e+00 2.360691124830912369e+00
4.166061609340070859e+00 2.255483263161734531e+00
4.241854148658170232e+00 2.154885888676797645e+00
4.319025570372864387e+00 2.058701451862070098e+00
4.397600960286556671e+00 1.966738248932085265e+00
4.477605860583897091e+00 1.878801553205909247e+00
4.559066278134701555e+00 1.794732073487170121e+00
4.642008692947928949e+00 1.714365099270056314e+00
4.726460066779375246e+00 1.637539480567976158e+00
4.812447851896049400e+00 1.564101558654043433e+00
4.900000000000001243e+00 1.493903323231763558e+00
