# k[h/Mpc]    Pk[Mpc^3/h^3] (CDM+baryons, z=0, sum m_nu = 0.4 eV)
1.000000000000000048e-04 2.285901068664149989e+02
1.115258952108197398e-04 2.539458371820493880e+02
1.243802530257475964e-04 2.821084650728531074e+02
1.387161906524478404e-04 3.133874550197941176e+02
1.547044734274899208e-04 3.481231568443790820e+02
1.725355489211928973e-04 3.866953107383246788e+02
1.924218154912624016e-04 4.295235659381787059e+02
2.146001523075424583e-04 4.770724822626901869e+02
2.393347409847693477e-04 5.298532966870352539e+02
2.669202124337607127e-04 5.884346153790506833e+02
2.976851564153737699e-04 6.534429941171727023e+02
3.319960356019749110e-04 7.255715180293946105e+02
3.702615507695343477e-04 8.055786212782007851e+02
4.129375091171870417e-04 8.942911523759515831e+02
4.605322537042036836e-04 9.926198397808731215e+02
5.136127186781772871e-04 1.101543776459027868e+03
5.728111824224663487e-04 1.222143864408898708e+03
6.388327990643373607e-04 1.355547901205562766e+03
7.124639980568402836e-04 1.502991695646962626e+03
7.945818518876893383e-04 1.665775964300214355e+03
8.861645235004552736e-04 1.845266214384824480e+03
9.883029178745779235e-04 2.042874115167531727e+03
1.102213676554276685e-03 2.260084645767651637e+03
1.229253669913247735e-03 2.498344470305822142e+03
1.370936159782604582e-03 2.759056007799666531e+03
1.528948824966383860e-03 3.043584893054091935e+03
1.705173864359070795e-03 3.353087413015451148e+03
1.901710417127384966e-03 3.688424724941221029e+03
2.120899567018730454e-03 4.050215286892814220e+03
2.365352228640039012e-03 4.438442329497972423e+03
2.637980247879881824e-03 4.852559871784047573e+03
2.942031086932642842e-03 5.291317073881272336e+03
3.281126507082240441e-03 5.752621329767334828e+03
3.659305710022969522e-03 6.233407191174903346e+03
4.081073451603764966e-03 6.729712366214450412e+03
4.551453701112203459e-03 7.236321027193303962e+03
5.076049485271372577e-03 7.747020288055406127e+03
5.661109629793106661e-03 8.254421277677551188e+03
6.313603193492691584e-03 8.749938176680607285e+03
7.041302481601635459e-03 9.223586363196203820e+03
7.852875627107890402e-03 9.664253201420520782e+03
8.757989842924349122e-03 1.005931720228720405e+04
9.767426574794057029e-03 1.039442959571699430e+04
1.089320992659859044e-02 1.065456950342375058e+04
1.214874988783295855e-02 1.082285328702593870e+04
1.354900206932916663e-02 1.088231116067092444e+04
1.511064584995185957e-02 1.081636237132839597e+04
1.685228305629541193e-02 1.061135774771243632e+04
1.879465954199475292e-02 1.025787223998115041e+04
2.096091230603540009e-02 9.754651840834456380e+03
2.337684509366088487e-02 9.110699798020652452e+03
2.607123576275192228e-02 8.348232930701624355e+03
2.907617907693246795e-02 7.507890518177277954e+03
3.242746900864999782e-02 6.640796093155680865e+03
3.616502510610808407e-02 5.811533720738169905e+03
4.033336800280479945e-02 5.082359966928653193e+03
4.498214973380237902e-02 4.492192636504001712e+03
5.016674517569447156e-02 4.056354421685934085e+03
5.594891165532404204e-02 3.742405222492247049e+03
6.239752458431086640e-02 3.469318412314775742e+03
6.958939788204403232e-02 3.131288091373945917e+03
7.761019895976883909e-02 2.666197935307995976e+03
8.655546916478060182e-02 2.132833084531269833e+03
9.653176183994670312e-02 1.688076557294570875e+03
1.076579115547770388e-01 1.437796882819993925e+03
1.200664496267376397e-01 1.314493759144166006e+03
1.339051827940672401e-01 1.134124250199096196e+03
1.493389538447681963e-01 8.686558649581949112e+02
1.665516051738506476e-01 6.950161958936295150e+02
1.857481686581269054e-01 6.177389842281341998e+02
2.071573079336795353e-01 4.897332292369762285e+02
2.310340421676708722e-01 3.866833076835972065e+02
2.576627837692376799e-01 3.267179835232176970e+02
2.873607262237611315e-01 2.532873806430066850e+02
3.204816224053627649e-01 2.083254292541595873e+02
3.574199983737402220e-01 1.636781963928770551e+02
3.986158528488111807e-01 1.308442923658508050e+02
4.445598983418805883e-01 1.038511648495247499e+02
4.957994063740929769e-01 8.185001408134429823e+01
5.529447264086378988e-01 6.439516528945024731e+01
6.166765561482513425e-01 5.052777887955397773e+01
6.877540497995908719e-01 3.953564575865336650e+01
7.670238608876615016e-01 3.084462938277629718e+01
8.554302273355580688e-01 2.399990062743394148e+01
9.540262189399315584e-01 1.862781573701604287e+01
1.063986281218693764e+00 1.442382790536422199e+01
1.186620225049460853e+00 1.114329797160598012e+01
1.323388828739054945e+00 8.590315851259420654e+00
1.475921238371213251e+00 6.608654194188939179e+00
1.646034373700112408e+00 5.074182302494877561e+00
1.835754570746860326e+00 3.888720817918015715e+00
2.047341718898981533e+00 2.974906442312833299e+00
2.283316180026673692e+00 2.271960594138651146e+00
2.546488810268240588e+00 1.732297953796239742e+00
2.839994442095014282e+00 1.318773662598502483e+00
3.167329225483990207e+00 1.002474920533338087e+00
3.532392272994943738e+00 7.609536371194385307e-01
3.939532104815434366e+00 5.768353190849045964e-01
4.393598447013062902e+00 4.366959697779403404e-01
4.900000000000001243e+00 3.301891029066875149e-01
