# k[h/Mpc]    Pk[Mpc^3/h^3] (CDM+baryons, z=0, sum m_nu = 0.1 eV)
1.000000000000000048e-04 4.404670369360529776e+02
1.018192851288654056e-04 4.481689026917202909e+02
1.036716682415320324e-04 4.560053105592247675e+02
1.055577514846969182e-04 4.639786044965414931e+02
1.074781479598227148e-04 4.720911687979727276e+02
1.094334819224358437e-04 4.803454275098446260e+02
1.114243889850503427e-04 4.887438461214425729e+02
1.134515163237845173e-04 4.972889327402642152e+02
1.155155228887354377e-04 5.059832388218148935e+02
1.176170796181814416e-04 5.148293599116274208e+02
1.197568696566808123e-04 5.238299363998117997e+02
1.219355885771395451e-04 5.329876542883666843e+02
1.241539446069180779e-04 5.423052459714294855e+02
1.264126588580515400e-04 5.517854910287171606e+02
1.287124655616594384e-04 5.614312170323448754e+02
1.310541123066188615e-04 5.712453003672785599e+02
1.334383602825797493e-04 5.812306670624309390e+02
1.358659845274025704e-04 5.913902924645336725e+02
1.383377741790963323e-04 6.017272002194832794e+02
1.408545327323400568e-04 6.122444654519028973e+02
1.434170782996723684e-04 6.229452160743444438e+02
1.460262438774317321e-04 6.338326336796151281e+02
1.486828776165345905e-04 6.449099544478953021e+02
1.513878430981813628e-04 6.561804700688586536e+02
1.541420196145766618e-04 6.676475286790208656e+02
1.569463024547576211e-04 6.793145358146132367e+02
1.598016031956211612e-04 6.911849553801594084e+02
1.627088499982476107e-04 7.032623106330744349e+02
1.656689879096138421e-04 7.155501851844987868e+02
1.686829791697952625e-04 7.280522239317336926e+02
1.717518035247584925e-04 7.407721306192211159e+02
1.748764585448427458e-04 7.537136673811197625e+02
1.780579599490355648e-04 7.668806599351449904e+02
1.812973419351494885e-04 7.802769989583310917e+02
1.845956575160039546e-04 7.939066411629287359e+02
1.879539788617241337e-04 8.077736103895157385e+02
1.913733976482663102e-04 8.218819987175476172e+02
1.948550254122856829e-04 8.362359675936470467e+02
1.983999939124585297e-04 8.508397489778772069e+02
2.020094554973777819e-04 8.656976465082636878e+02
2.056845834801435461e-04 8.808140366838936188e+02
2.094265725197667807e-04 8.961933700667860876e+02
2.132366390095114320e-04 9.118401718695171212e+02
2.171160214723039149e-04 9.277590348425486582e+02
2.210659809633339990e-04 9.439546221938680901e+02
2.250878014799803737e-04 9.604316748765202192e+02
2.291827903791957422e-04 9.771950129827828277e+02
2.333522788024834985e-04 9.942495370125658383e+02
2.375976221086056330e-04 1.011600229160941240e+03
2.419202003141653350e-04 1.029252154625011144e+03
2.463214185422023359e-04 1.047210462930450149e+03
2.508027074789512386e-04 1.065480389277881386e+03
2.553655238389076002e-04 1.084067255909470987e+03
2.600113508383580818e-04 1.102976473495929213e+03
2.647416986775227160e-04 1.122213542544232041e+03
2.695581050314685314e-04 1.141784051879013759e+03
2.744621355499574371e-04 1.161693663793464793e+03
2.794553843663845458e-04 1.181948125645564915e+03
2.845394746159758551e-04 1.202553278317675904e+03
2.897160589634161019e-04 1.223515057656887620e+03
2.949868201400724570e-04 1.244839495917975000e+03
3.003534714909940903e-04 1.266532723225898053e+03
3.058177575318607564e-04 1.288600969058068586e+03
3.113814545160675839e-04 1.311050563746535772e+03
3.170463710121235027e-04 1.333887940000350682e+03
3.228143484915545593e-04 1.357119634448333500e+03
3.286872619275051630e-04 1.380752289202379416e+03
3.346670204042274878e-04 1.404792653437934405e+03
3.407555677376585749e-04 1.429247574599346990e+03
3.469548831072907032e-04 1.454123976022558281e+03
3.532669816995344099e-04 1.479428883088220800e+03
3.596939153627857458e-04 1.505169431086244458e+03
3.662377732744146039e-04 1.531352866749218265e+03
3.729006826198842401e-04 1.557986549802705895e+03
3.796848092842254412e-04 1.585077954532431477e+03
3.865923585560943217e-04 1.612634671368558429e+03
3.936255758446357959e-04 1.640664408486936964e+03
4.007867474093881042e-04 1.669174993427582876e+03
4.080782011034704971e-04 1.698174374730302134e+03
4.155023071302878300e-04 1.727670623587633372e+03
4.230614788140018689e-04 1.757671935132905446e+03
4.307581733840231200e-04 1.788186601663939655e+03
4.385948927737709220e-04 1.819222992177937840e+03
4.465741844339673225e-04 1.850789594857144266e+03
4.546986421607269535e-04 1.882895022983362878e+03
4.629709069387099988e-04 1.915548016439238609e+03
4.713936677996192776e-04 1.948757443218893741e+03
4.799696626963114669e-04 1.982532300947623526e+03
4.887016793928109122e-04 2.016881718410476196e+03
4.975925563705199022e-04 2.051814957089629388e+03
5.066451837509105497e-04 2.087341412710197801e+03
5.158625042350036471e-04 2.123470616794316356e+03
5.252475140599437630e-04 2.160212238223307850e+03
5.348032639729722064e-04 2.197576081704108219e+03
5.445328602231193230e-04 2.235572030028125482e+03
5.544394655709439885e-04 2.274210045648130745e+03
5.645263003166376423e-04 2.313500223812762670e+03
5.747966433468323271e-04 2.353452795820177926e+03
5.852538332004588112e-04 2.394078130239691291e+03
5.959012691539901374e-04 2.435386734127594082e+03
6.067424123264289265e-04 2.477389254236562010e+03
6.177807868044028370e-04 2.520096478218095854e+03
6.290199807877237988e-04 2.563519335817264619e+03
6.404636477557869127e-04 2.607668900059201405e+03
6.521155076551968374e-04 2.652556388426648027e+03
6.639793481089937589e-04 2.698193164027883995e+03
6.760590256478781488e-04 2.744590722134908901e+03
6.883584669638424022e-04 2.791760580857880086e+03
7.008816701866015138e-04 2.839714335044299332e+03
7.136327061832506164e-04 2.888463714986732612e+03
7.266157198815622470e-04 2.938020587376224739e+03
7.398349316173659113e-04 2.988396955791309665e+03
7.532946385064322441e-04 3.039604961154177545e+03
7.669992158413210326e-04 3.091656882152990420e+03
7.809531185136364337e-04 3.144565135628936787e+03
7.951608824621657834e-04 3.198342276927033708e+03
8.096271261473557369e-04 3.253001000209151243e+03
8.243565520526149317e-04 3.308554138728346970e+03
8.393539482129358346e-04 3.365014665062885797e+03
8.546241897713193272e-04 3.422395643033997658e+03
8.701722405635155082e-04 3.480710071307953513e+03
8.860031547316025383e-04 3.539971018593206281e+03
9.021220783669138630e-04 3.600191672011690116e+03
9.185342511828547196e-04 3.661385336254837057e+03
9.352450082181596814e-04 3.723565432667468485e+03
9.522597815711297603e-04 3.786745498257804684e+03
9.695841021654195762e-04 3.850939184631694388e+03
9.872236015479583272e-04 3.916160256849411780e+03
1.005184013719570731e-03 3.982422592202880423e+03
1.023471176998903354e-03 4.049740178911722978e+03
1.042091035920268260e-03 4.118127114736104886e+03
1.061049643166006237e-03 4.187597604302254695e+03
1.080353161534003880e-03 4.258165755211327451e+03
1.100007865941020346e-03 4.329845329709106409e+03
1.120020145462436367e-03 4.402650093211053900e+03
1.140396505409130030e-03 4.476593863259367026e+03
1.161143569442140474e-03 4.551690505702394148e+03
1.182268081725779563e-03 4.627953930730797765e+03
1.203776909119937686e-03 4.705398088768165508e+03
1.225677043412273662e-03 4.784036966213797314e+03
1.247975603590990466e-03 4.863884581035326846e+03
1.270679838158989732e-03 4.944954978209107139e+03
1.293797127490108707e-03 5.027262225005925757e+03
1.317334986228223953e-03 5.110820406120240477e+03
1.341301065730015436e-03 5.195643611124147355e+03
1.365703156552156234e-03 5.281745709745927343e+03
1.390549190983755108e-03 5.369140294779671422e+03
1.415847245624880920e-03 5.457840907225447154e+03
1.441605544011986383e-03 5.547861043036502451e+03
1.467832459291095685e-03 5.639214145965072021e+03
1.494536516939638099e-03 5.731913600211560151e+03
1.521726397537785614e-03 5.825972722875570071e+03
1.549410939590209870e-03 5.921404756207349237e+03
1.577599142399188420e-03 6.018222859658470952e+03
1.606300168989966727e-03 6.116440101730421702e+03
1.635523349089341256e-03 6.216069451620108339e+03
1.665278182158445083e-03 6.317123770661428352e+03
1.695574340480695760e-03 6.419615745275652444e+03
1.726421672305918737e-03 6.523557270159130894e+03
1.757830205051689977e-03 6.628959636607072753e+03
1.789810148562901533e-03 6.735833909604999462e+03
1.822371898430628434e-03 6.844190921818806601e+03
1.855526039371401025e-03 6.954041261146428951e+03
1.889283348667912315e-03 7.065395258025256226e+03
1.923654799672356013e-03 7.178262972497678675e+03
1.958651565373502844e-03 7.292654181036433329e+03
1.994285022028632545e-03 7.408578363132662162e+03
2.030566752861590052e-03 7.526044687649276966e+03
2.067508551828088018e-03 7.645061998942663195e+03
2.105122427449517258e-03 7.765638802756662699e+03
2.143420606716516918e-03 7.887783133239064227e+03
2.182415539063549490e-03 8.011502009776147133e+03
2.222119900415780395e-03 8.136801806961558214e+03
2.262546597309603950e-03 8.263688439397241382e+03
2.303708771088110261e-03 8.392167344701674665e+03
2.345619802172884284e-03 8.522243466176249058e+03
2.388293314413537840e-03 8.653921235267958764e+03
2.431743179516352837e-03 8.787204553837535059e+03
2.475983521553492845e-03 8.922096776241884072e+03
2.521028721554273606e-03 9.058600691241197637e+03
2.566893422179938791e-03 9.196718503740776214e+03
2.613592532483482739e-03 9.336451816379127195e+03
2.661141232756091858e-03 9.477801610581031127e+03
2.709554979461731641e-03 9.620767992135220993e+03
2.758849510261511279e-03 9.765349750648694680e+03
2.809040849129475128e-03 9.911544836811568530e+03
2.860145311561445615e-03 1.005935044401265986e+04
2.912179509878621078e-03 1.020876298763966588e+04
2.965160358627711400e-03 1.035977808432857455e+04
3.019105080079240774e-03 1.051239053118055563e+04
3.074031209825939682e-03 1.066659428496657711e+04
3.129956602482987689e-03 1.082238244133901935e+04
3.186899437491901629e-03 1.097974721407222205e+04
3.244878225030087531e-03 1.113867991435306612e+04
3.303911812027855201e-03 1.129917093014431885e+04
3.364019388294905554e-03 1.146120968909530711e+04
3.425220492758303866e-03 1.162478383477050920e+04
3.487535019813910002e-03 1.178987879052785502e+04
3.550983225793357713e-03 1.195647876668042227e+04
3.615585735548721910e-03 1.212456682554399413e+04
3.681363549156942572e-03 1.229412485913034834e+04
3.748338048746226604e-03 1.246513356716055205e+04
3.816531005446670635e-03 1.263757243543294135e+04
3.885964586467303538e-03 1.281141971458335320e+04
3.956661362301879675e-03 1.298665239927406947e+04
4.028644314065801639e-03 1.316324620785001753e+04
4.101936840966486156e-03 1.334117556250127927e+04
4.176562767909641240e-03 1.352041356997128059e+04
4.252546353243950861e-03 1.370093186556027831e+04
4.329912296646630868e-03 1.388269857728360512e+04
4.408685747152437870e-03 1.406567863272708200e+04
4.488892311328791275e-03 1.424983531432344898e+04
4.570558061599583680e-03 1.443513028442918949e+04
4.653709544720419609e-03 1.462152356714564667e+04
4.738373790408112810e-03 1.480897353122049753e+04
4.824578320127069324e-03 1.499743687408862934e+04
4.912351156035600803e-03 1.518686860711488771e+04
5.001720830095009521e-03 1.537722204209931988e+04
5.092716393344296974e-03 1.556844877910682226e+04
5.185367425343695783e-03 1.576049869568386566e+04
5.279704043790010327e-03 1.595331993752477683e+04
5.375756914306787163e-03 1.614685833499391993e+04
5.473557260412724793e-03 1.634105391576270085e+04
5.573136873671352513e-03 1.653584301360441896e+04
5.674528124025369699e-03 1.673115989969263319e+04
5.777763970319049064e-03 1.692693678574227306e+04
5.882877971012012881e-03 1.712310382357608250e+04
5.989904295087934011e-03 1.731958910712043871e+04
6.098877733161739596e-03 1.751631867691584193e+04
6.209833708788841528e-03 1.771321652722691579e+04
6.322808289980108576e-03 1.791020461583413635e+04
6.437838200926385319e-03 1.810720287659008318e+04
6.554960833936262360e-03 1.830412923481982580e+04
6.674214261591017439e-03 1.850089962544843365e+04
6.795637249120757215e-03 1.869742614954667442e+04
6.919269267005656761e-03 1.889361238492791381e+04
7.045150503806445370e-03 1.908935823007586441e+04
7.173321879228382672e-03 1.928456129451923334e+04
7.303825057422841556e-03 1.947911693662318794e+04
7.436702460530880687e-03 1.967291830577678047e+04
7.571997282473287398e-03 1.986585638906688473e+04
7.709753502991424298e-03 2.005782006252513384e+04
7.850015901943519989e-03 2.024869614702698527e+04
7.992830073861156154e-03 2.043836946891687694e+04
8.138242442770402332e-03 2.062672292542500509e+04
8.286300277282729679e-03 2.081363755493486678e+04
8.437051705960476808e-03 2.099899254089592068e+04
8.590545732961701528e-03 2.118265867501202229e+04
8.746832253969855087e-03 2.136449277261167663e+04
8.905962072413141362e-03 2.154434820909050904e+04
9.067986915978947307e-03 2.172207626922178679e+04
9.232959453428814245e-03 2.189752627009428033e+04
9.400933311719227026e-03 2.207054569176141376e+04
9.571963093433890138e-03 2.224098031562632241e+04
9.746104394533217086e-03 2.240867437057255302e+04
9.923413822426669154e-03 2.257347068682715690e+04
1.010394901437385203e-02 2.273521085752415456e+04
1.028776865622049903e-02 2.289373540791577398e+04
1.047493250147520615e-02 2.304888397215502846e+04
1.066550139073323480e-02 2.320049499067591751e+04
1.085953727145377856e-02 2.334839546121311650e+04
1.105710321809694544e-02 2.349240099635290608e+04
1.125826345262708091e-02 2.363232612311408229e+04
1.146308336538921606e-02 2.376798498286275935e+04
1.167162953636518598e-02 2.389919159569680778e+04
1.188396975681655331e-02 2.402576013454752683e+04
1.210017305132118047e-02 2.414750520869610409e+04
1.232030970021084568e-02 2.426424215636072040e+04
1.254445126241695782e-02 2.437578734596759023e+04
1.277267059873187817e-02 2.448195848567697612e+04
1.300504189549357356e-02 2.458257494069129825e+04
1.324164068870101706e-02 2.467745805783000105e+04
1.348254388856834698e-02 2.476642858371149487e+04
1.372782980452582312e-02 2.484928317040659385e+04
1.397757817067552845e-02 2.492580675170222094e+04
1.423187017171016755e-02 2.499578702073483873e+04
1.449078846930352236e-02 2.505901503726206647e+04
1.475441722898090599e-02 2.511528570965568360e+04
1.502284214747852745e-02 2.516439828544951888e+04
1.529615048060052954e-02 2.520615684926337417e+04
1.557443107158297015e-02 2.524037082684442430e+04
1.585777437997368949e-02 2.526685549388729487e+04
1.614627251103758002e-02 2.528543248821781890e+04
1.644001924569696987e-02 2.529593032384991238e+04
1.673911007101656218e-02 2.529818490535507954e+04
1.704364221124297918e-02 2.529203701257599823e+04
1.735371465940915153e-02 2.527732236646989986e+04
1.766942820951353937e-02 2.525388192652141515e+04
1.799088548928476708e-02 2.522156621418688883e+04
1.831819099354253105e-02 2.518023587626565495e+04
1.865145111816521317e-02 2.512976223958655464e+04
1.899077419467561437e-02 2.507002785491719987e+04
1.933627052545575792e-02 2.500092702780003310e+04
1.968805241960255858e-02 2.492236633398027334e+04
2.004623422943563674e-02 2.483426511705874509e+04
2.041093238766928872e-02 2.473655596598528791e+04
2.078226544526092998e-02 2.462918516999668282e+04
2.116035410994791810e-02 2.451211322908498551e+04
2.154532128548546088e-02 2.438533379014525417e+04
2.193729211159857126e-02 2.424889712146628517e+04
2.233639400466067362e-02 2.410287302695990729e+04
2.274275669911225012e-02 2.394734496568850955e+04
2.315651228963324162e-02 2.378241006260669019e+04
2.357779527408245326e-02 2.360817908599050497e+04
2.400674259721816833e-02 2.342477639098157306e+04
2.444349369521435500e-02 2.323233982878551615e+04
2.488819054098654476e-02 2.303102062117942842e+04
2.534097769034242970e-02 2.282098320010188763e+04
2.580200232897193052e-02 2.260240501222452804e+04
2.627141432029242440e-02 2.237547628852912021e+04
2.674936625416414818e-02 2.214040364240217968e+04
2.723601349649189957e-02 2.189753675864612887e+04
2.773151423972935320e-02 2.164738990167548764e+04
2.823602955430197167e-02 2.139048428722939934e+04
2.874972344096543217e-02 2.112733671512754154e+04
2.927276288411684996e-02 2.085845832853468164e+04
2.980531790607564985e-02 2.058435345059167230e+04
3.034756162235194635e-02 2.030551849956582009e+04
3.089967029792066097e-02 2.002244098319778641e+04
3.146182340451917497e-02 1.973559857246625324e+04
3.203420367898752313e-02 1.944545825456573948e+04
3.261699718266979769e-02 1.915247556449542753e+04
3.321039336189655911e-02 1.885709389428389841e+04
3.381458510956728697e-02 1.855976965938370995e+04
3.442976882785318132e-02 1.826122461239020777e+04
3.505614449204105115e-02 1.796231797072308473e+04
3.569391571553836434e-02 1.766386581771775309e+04
3.634328981606090719e-02 1.736663828703655236e+04
3.700447788302495961e-02 1.707135979234081606e+04
3.767769484616516340e-02 1.677870957018723493e+04
3.836315954540073236e-02 1.648932250580461186e+04
3.906109480197312439e-02 1.620379021208162158e+04
3.977172749087744263e-02 1.592266233306481445e+04
4.049528861461189344e-02 1.564644804448780997e+04
4.123201337826865737e-02 1.537561772528462097e+04
4.198214126599129209e-02 1.511060549646000254e+04
4.274591611882278680e-02 1.485181822720834498e+04
4.352358621396981014e-02 1.459963400373261902e+04
4.431540434550947788e-02 1.435439925986100207e+04
4.512162790656396028e-02 1.411643096477653671e+04
4.594251897297006032e-02 1.388601894354548858e+04
4.677834438847147669e-02 1.366342824082805600e+04
4.762937585146043151e-02 1.344890151611979672e+04
4.849589000329746630e-02 1.324265938691546580e+04
4.937816851823838976e-02 1.304471824609411851e+04
5.027649819499679928e-02 1.285476104534406113e+04
5.119117104997271406e-02 1.267245274138442073e+04
5.212248441217692818e-02 1.249747500881089945e+04
5.307074101988284998e-02 1.232952526796241182e+04
5.403624911903631006e-02 1.216825265974496506e+04
5.501932256345561101e-02 1.201297900096913691e+04
5.602028091685504890e-02 1.186294238824432614e+04
5.703944955672407557e-02 1.171741721316706025e+04
5.807715978009624774e-02 1.157567236377126574e+04
5.913374891124294208e-02 1.143673204220059779e+04
6.020956041132585757e-02 1.129954546788220796e+04
6.130494399004434575e-02 1.116310722143492967e+04
6.242025571931449079e-02 1.102634560930657972e+04
6.355585814901575092e-02 1.088809602679686941e+04
6.471212042484364435e-02 1.074724477680188284e+04
6.588941840830631058e-02 1.060269884232574259e+04
6.708813479890453346e-02 1.045337904117131438e+04
6.830865925853425724e-02 1.029828339860843698e+04
6.955138853815211186e-02 1.013653074121655118e+04
7.081672660674612207e-02 9.967350732027622144e+03
7.210508478265199861e-02 9.790117312491251141e+03
7.341688186725858767e-02 9.604438073746536247e+03
7.475254428114630478e-02 9.410057617178117653e+03
7.611250620270181011e-02 9.207030614168737884e+03
7.749720970925433328e-02 8.995608122251021996e+03
7.890710492078044369e-02 8.776318670064920298e+03
8.034265014622242462e-02 8.549969721083378317e+03
8.180431203246910088e-02 8.317570724951659940e+03
8.329256571604647108e-02 8.080452155484132163e+03
8.480789497756895112e-02 7.840060917137795514e+03
8.635079239899974557e-02 7.598136738356631213e+03
8.792175952377219439e-02 7.356446893151251970e+03
8.952130701982498329e-02 7.116952924456921210e+03
9.114995484560270422e-02 6.881553714030605079e+03
9.280823241907629195e-02 6.652204150753043905e+03
9.449667878983940283e-02 6.430710312169779172e+03
9.621584281433476216e-02 6.218780751760635212e+03
9.796628333426847524e-02 6.017895801731803658e+03
9.974856935827097759e-02 5.829269488424010888e+03
1.015632802468619950e-01 5.653838245265008482e+03
1.034110059007811722e-01 5.492170460273441677e+03
1.052923469527442119e-01 5.344515886905573097e+03
1.072079149626888606e-01 5.210668645149987242e+03
1.091583326165718459e-01 5.090085303591953561e+03
1.111442339287825876e-01 4.981778948975678759e+03
1.131662644482403085e-01 4.884409753943338728e+03
1.152250814682397734e-01 4.796255413293550191e+03
1.173213542401145143e-01 4.715286946311323845e+03
1.194557641907884188e-01 4.639238201939105238e+03
1.216290051442840969e-01 4.565649734727941905e+03
1.238417835472609974e-01 4.492011016441219908e+03
1.260948186986580177e-01 4.415882666932636312e+03
1.283888429835126355e-01 4.335015883561750343e+03
1.307246021110340384e-01 4.247547030704044118e+03
1.331028553570085537e-01 4.152055492393219538e+03
1.355243758106138563e-01 4.047801481933815467e+03
1.379899506257241670e-01 3.934685742422329440e+03
1.405003812767867122e-01 3.813366235731279630e+03
1.430564838193544852e-01 3.685195745985130088e+03
1.456590891553579126e-01 3.552112705135371925e+03
1.483090433032021316e-01 3.416586203080519681e+03
1.510072076727798640e-01 3.281300828775900754e+03
1.537544593454858166e-01 3.149106692529463999e+03
1.565516913593256454e-01 3.022658744054646377e+03
1.593998129992131307e-01 2.904314695265453793e+03
1.622997500925472680e-01 2.795907128060343439e+03
1.652524453101666957e-01 2.698596559616915329e+03
1.682588584727810199e-01 2.612823513277674920e+03
1.713199668629750150e-01 2.538248213729202689e+03
1.744367655428904484e-01 2.473714706894605115e+03
1.776102676776860900e-01 2.417421902454638712e+03
1.808415048648842893e-01 2.367110545852110590e+03
1.841315274697077342e-01 2.320283873069045967e+03
1.874814049665168569e-01 2.274132373116996860e+03
1.908922262864606312e-01 2.225944636343741422e+03
1.943651001714505333e-01 2.173414337329612408e+03
1.979011555345740747e-01 2.115012351707657672e+03
2.015015418270673930e-01 2.050416063016355110e+03
2.051674294119619768e-01 1.980232848460217610e+03
2.089000099445292302e-01 1.905965318772259479e+03
2.127004967596484164e-01 1.829771453426407561e+03
2.165701252662195486e-01 1.754131102558660132e+03
2.205101533487533183e-01 1.681485544242300875e+03
2.245218617762654856e-01 1.613947024495987762e+03
2.286065546186128450e-01 1.552907002038036126e+03
2.327655596704011065e-01 1.499093018959488745e+03
2.370002288826050518e-01 1.452212524204439887e+03
2.413119388020432687e-01 1.411328880068238050e+03
2.457020910188459084e-01 1.374708769549085901e+03
2.501721126220631253e-01 1.340355190812391356e+03
2.547234566635647179e-01 1.306103022980696551e+03
2.593576026303771598e-01 1.270231208195965337e+03
2.640760569256134782e-01 1.231513263737800116e+03
2.688803533581552996e-01 1.189793740346267441e+03
2.737720536412410199e-01 1.145602147699942407e+03
2.787527479001258301e-01 1.100409634466249372e+03
2.838240551889765206e-01 1.055875180486843647e+03
2.889876240171723176e-01 1.013722742728813841e+03
2.942451328851785064e-01 9.751444986533861083e+02
2.995982908301688674e-01 9.406520418858581252e+02
3.050488379815770590e-01 9.099678962626187513e+02
3.105985461267529724e-01 8.821517205281828637e+02
3.162492192869091334e-01 8.559244629239940423e+02
3.220026943035488309e-01 8.299242870201165942e+02
3.278608414355596024e-01 8.032429185496674791e+02
3.338255649671697523e-01 7.753908714591929083e+02
3.398988038269684098e-01 7.467010777177707723e+02
3.460825322181838581e-01 7.178380646053949476e+02
3.523787602604305236e-01 6.898240057036666713e+02
3.587895346431287935e-01 6.634771241657775818e+02
3.653169392908166557e-01 6.392331937774662265e+02
3.719630960405611586e-01 6.170465785057884887e+02
3.787301653316944572e-01 5.963388569815075471e+02
3.856203469081013746e-01 5.764437844420747297e+02
3.926358805332800794e-01 5.566752491665480420e+02
3.997790467184118013e-01 5.367704223639235579e+02
4.070521674636797815e-01 5.168022730098634838e+02
4.144576070130712719e-01 4.971170863314322901e+02
4.219977726229114934e-01 4.781785686260677721e+02
4.296751153443834070e-01 4.602426118474430154e+02
4.374921308202791015e-01 4.434137484748633824e+02
4.454513600962493047e-01 4.275129135943072356e+02
4.535553904468090924e-01 4.122381443380650694e+02
4.618068562163753499e-01 3.973355601025763804e+02
4.702084396756012197e-01 3.826108904020400701e+02
4.787628718932894767e-01 3.681280777709524159e+02
4.874729336241730993e-01 3.540911571149956671e+02
4.963414562128421470e-01 3.406441808544019523e+02
5.053713225141164278e-01 3.278772881992740054e+02
5.145654678301662122e-01 3.157382873520193129e+02
5.239268808646776465e-01 3.040153887294457604e+02
5.334586046943771143e-01 2.925730629317876605e+02
5.431637377582348991e-01 2.814427018001654801e+02
5.530454348646605123e-01 2.706732410470116861e+02
5.631069082170223616e-01 2.603044845639693676e+02
5.733514284578283826e-01 2.503675220770448959e+02
5.837823257318991432e-01 2.408454833848828116e+02
5.944029907688848091e-01 2.316668569732285334e+02
6.052168759854743563e-01 2.227725738438063843e+02
6.162274966076619620e-01 2.141661639193569613e+02
6.274384318134254013e-01 2.058743073250597888e+02
6.388533258961933692e-01 1.979105613037753244e+02
6.504758894494848676e-01 1.902539626933025829e+02
6.623099005730950228e-01 1.828778228001659443e+02
6.743592061012246841e-01 1.757612068257790554e+02
6.866277228529591437e-01 1.688985867865935973e+02
6.991194389054908864e-01 1.622879618984827061e+02
7.118384148905058106e-01 1.559264011633238169e+02
7.247887853141601333e-01 1.498066030516255296e+02
7.379747599010648695e-01 1.439179625739760695e+02
7.514006249627259715e-01 1.382503382589752619e+02
7.650707447908745573e-01 1.327942188124558243e+02
7.789895630761547451e-01 1.275416922793785659e+02
7.931616043526137361e-01 1.224860683929989449e+02
8.075914754684712094e-01 1.176208481588913344e+02
8.222838670836538633e-01 1.129396898381459096e+02
8.372435551945670573e-01 1.084363892750272811e+02
8.524754026866058210e-01 1.041047121203857273e+02
8.679843609149188177e-01 9.993850701835377492e+01
8.837754713139223117e-01 9.593182335250199344e+01
8.998538670360967107e-01 9.207890693302594798e+01
9.162247746206046983e-01 8.837419432316760037e+01
9.328935156922580907e-01 8.481230723636321045e+01
9.498655086913979639e-01 8.138804509191544412e+01
9.671462706352423888e-01 7.809637954837019436e+01
9.847414189112857485e-01 7.493245214952938227e+01
1.002656673103317075e+00 7.189156939475529384e+01
1.020897856850663477e+00 6.896919773983175617e+01
1.039470899741254284e+00 6.616095872216122586e+01
1.058381839239129318e+00 6.346262420843673624e+01
1.077636822647020098e+00 6.087011176289731651e+01
1.097242109104616281e+00 5.837948040644347003e+01
1.117204071623204564e+00 5.598692866089350417e+01
1.137529199157325532e+00 5.368878864928176853e+01
1.158224098714097927e+00 5.148152014776356822e+01
1.179295497500937762e+00 4.936170657437934040e+01
1.200750245112352843e+00 4.732605110565435780e+01
1.222595315756498158e+00 4.537137289483676739e+01
1.244837810522259947e+00 4.349460339006306242e+01
1.267484959687586565e+00 4.169278275072684892e+01
1.290544125069789771e+00 3.996305636031057418e+01
1.314022802418629343e+00 3.830267143392083540e+01
1.337928623852933541e+00 3.670897371632839423e+01
1.362269360341522129e+00 3.517940341366583112e+01
1.387052924229306816e+00 3.371149102286214116e+01
1.412287371809304970e+00 3.230285638630036260e+01
1.437980905941474319e+00 3.095120605034858485e+01
1.464141878719193102e+00 2.965433035427826525e+01
1.490778794184223655e+00 2.841010060537488968e+01
1.517900311091094689e+00 2.721646633822000538e+01
1.545515245721778452e+00 2.607145265614882135e+01
1.573632574751544055e+00 2.497315765291030942e+01
1.602261438166979080e+00 2.391974991257940530e+01
1.631411142237097822e+00 2.290946608579688615e+01
1.661091162538472332e+00 2.194060854044125364e+01
1.691311147035430507e+00 2.101154306131576632e+01
1.722080919216290917e+00 2.012069610006714271e+01
1.753410481286623579e+00 1.926655272913386341e+01
1.785310017420636663e+00 1.844765521014688758e+01
1.817789897071716787e+00 1.766260100041304426e+01
1.850860678343162258e+00 1.691004079326937770e+01
1.884533111420275020e+00 1.618867662187722090e+01
1.918818142064890653e+00 1.549726002468650954e+01
1.953726915173450651e+00 1.483459027083745596e+01
1.989270778399840234e+00 1.419951264380024547e+01
2.025461285844135872e+00 1.359091678159204442e+01
2.062310201808426502e+00 1.300773507194608314e+01
2.099829504620999376e+00 1.244894110084140770e+01
2.138031390530099607e+00 1.191354811100764088e+01
2.176928277668485734e+00 1.140060720203631917e+01
2.216532810090176664e+00 1.090920617776480128e+01
2.256857861880572358e+00 1.043846844025278919e+01
2.297916541341392893e+00 9.987551674155655590e+00
2.339722195251757952e+00 9.555646573592239790e+00
2.382288413206739008e+00 9.141975613085662644e+00
2.425629032034890553e+00 8.745791861199698758e+00
2.469758140296145932e+00 8.366377835530556695e+00
2.514690082861498865e+00 8.003044397749475181e+00
2.560439465576048956e+00 7.655129687425175966e+00
2.607021160006877558e+00 7.321998093390837958e+00
2.654450308277259918e+00 7.003039261453541720e+00
2.702742327988867821e+00 6.697667119068409392e+00
2.751912917233522826e+00 6.405318889813336192e+00
2.801978059696081491e+00 6.125454277285724558e+00
2.852954029850200968e+00 5.857554633235345420e+00
2.904857398248635203e+00 5.601122127915692417e+00
2.957705036909722196e+00 5.355678950411733474e+00
3.011514124801920822e+00 5.120766537950813380e+00
3.066302153428126953e+00 4.895944833228309534e+00
3.122086932511527912e+00 4.680791568808018610e+00
3.178886595784957247e+00 4.474901577684541998e+00
3.236719606885571920e+00 4.277886129123025682e+00
3.295604765356715760e+00 4.089372288917918929e+00
3.355561212759026635e+00 3.909002303054032179e+00
3.416608438892731137e+00 3.736432945277725626e+00
3.478766288133063878e+00 3.571334876744365783e+00
3.542054965881055395e+00 3.413392238076184082e+00
3.606495045131572041e+00 3.262302139467933682e+00
3.672107473160914903e+00 3.117774147070871305e+00
3.738913578336090726e+00 2.979529788803589430e+00
3.806935077047892690e+00 2.847302078898132027e+00
3.876194080770182016e+00 2.720835060512091008e+00
3.946713103247599275e+00 2.599883365759748433e+00
4.018515067813969388e+00 2.484211792536707986e+00
4.091623314843920944e+00 2.373594897532708359e+00
4.166061609340070859e+00 2.267816604847964435e+00
4.241854148658170232e+00 2.166669828074643700e+00
4.319025570372864387e+00 2.069956050374799350e+00
4.397600960286556671e+00 1.977484971986081197e+00
4.477605860583897091e+00 1.889074258350869284e+00
4.559066278134701555e+00 1.804549221819172988e+00
4.642008692947928949e+00 1.723742510206513812e+00
4.726460066779375246e+00 1.646493807591595804e+00
4.812447851896049400e+00 1.572649546893531314e+00
4.900000000000001243e+00 1.502062633784937429e+00
