# k[h/Mpc]    Pk[Mpc^3/h^3] (CDM+baryons, z=0, sum m_nu = 0.25 eV)
1.000000000000000048e-04 4.116169056596904170e+02
1.039255682936713091e-04 4.272436849641116510e+02
1.080052374516252909e-04 4.434630335817199693e+02
1.122450568085307056e-04 4.602973383552347855e+02
1.166513131698196175e-04 4.777698231865711591e+02
1.212305401337652864e-04 4.959045775967559848e+02
1.259895277795027079e-04 5.147265861332666645e+02
1.309353327353610932e-04 5.342617654280683155e+02
1.360752886424333198e-04 5.545369918674715564e+02
1.414170170289023951e-04 5.755801370979183957e+02
1.469684386112446071e-04 5.974201053113250737e+02
1.527377850390714128e-04 6.200868666616876226e+02
1.587336111010208739e-04 6.436114929494364105e+02
1.649648074098020775e-04 6.680261985357030881e+02
1.714406135851970269e-04 6.933643783701908205e+02
1.781706319545730730e-04 7.196606458438017171e+02
1.851648417912154056e-04 7.469508767585014084e+02
1.924336141115979919e-04 7.752722469231176774e+02
1.999877270535284877e-04 8.046632805819095893e+02
2.078383818579757254e-04 8.351638868962972992e+02
2.159972194782717103e-04 8.668154120156242470e+02
2.244763378413223921e-04 8.996606773116187696e+02
2.332883097864158189e-04 9.337440308492597296e+02
2.424462017082328286e-04 9.691113893390413523e+02
2.519635929317013637e-04 1.005810291149749787e+03
2.618545958474232716e-04 1.043889937701983399e+03
2.721338768375308921e-04 1.083401248570925191e+03
2.828166780230032180e-04 1.124396905500216690e+03
2.939188398646887007e-04 1.166931403766773201e+03
3.054568246515431892e-04 1.211061100825283120e+03
3.174477409109193664e-04 1.256844267938179200e+03
3.299093687770939063e-04 1.304341135770714345e+03
3.428601863556586678e-04 1.353613949120368943e+03
3.563193971228584300e-04 1.404727012175451364e+03
3.703069584005141035e-04 1.457746741529945439e+03
3.848436109487429323e-04 1.512741708939805221e+03
3.999509097203665198e-04 1.569782695020006940e+03
4.156512558225987906e-04 1.628942735104428039e+03
4.319679297334173764e-04 1.690297165066903517e+03
4.489251258218607721e-04 1.753923668313491589e+03
4.665479882234472913e-04 1.819902317065080979e+03
4.848626481239078079e-04 1.888315621881014522e+03
5.038962625065149942e-04 1.959248567916399679e+03
5.236770544204655915e-04 2.032788657507892140e+03
5.442343548300266828e-04 2.109025949352690077e+03
5.655986461065001716e-04 2.188053091398965080e+03
5.878016072274911547e-04 2.269965358398372700e+03
6.108761607505039425e-04 2.354860681458279032e+03
6.348565216305217035e-04 2.442839668506089311e+03
6.597782479539539974e-04 2.534005629035549646e+03
6.856782936641738196e-04 2.628464594395474705e+03
7.125950633568410445e-04 2.726325312902937185e+03
7.405684692262435144e-04 2.827699257290544665e+03
7.696399902471158820e-04 2.932700611383751493e+03
7.998527336796708211e-04 3.041446237077094793e+03
8.312514989890631501e-04 3.154055644504640895e+03
8.638828442740445089e-04 3.270650910235353876e+03
8.977951553033323203e-04 3.391356626250064892e+03
9.330387172620360813e-04 3.516299776752350681e+03
9.696657893145520669e-04 3.645609600666096412e+03
1.007730682094461726e-03 3.779417455829749997e+03
1.047289838236358439e-03 3.917856616094255969e+03
1.088401916069005500e-03 4.061062052018944996e+03
1.131127876593921366e-03 4.209170191060431534e+03
1.175531073878369843e-03 4.362318612063961154e+03
1.221677348996791758e-03 4.520645788639574675e+03
1.269635127659972731e-03 4.684290686491761335e+03
1.319475521676706032e-03 4.853392398076226527e+03
1.371272434398400917e-03 5.028089828596283041e+03
1.425102670302997709e-03 5.208521094519323924e+03
1.481046048880673999e-03 5.394823151164637238e+03
1.539185522990205385e-03 5.587131231305144865e+03
1.599607301861487915e-03 5.785578173625689487e+03
1.662400978926611940e-03 5.990294102376170486e+03
1.727659664669034751e-03 6.201405054015777750e+03
1.795480124687830496e-03 6.419032998089385728e+03
1.865962923181745982e-03 6.643294450471826167e+03
1.939212572065830958e-03 6.874299611896282840e+03
2.015337685941732959e-03 7.112151988066703780e+03
2.094451143151468755e-03 7.356946593579149521e+03
2.176670253153459040e-03 7.608769419217552240e+03
2.262116930469026260e-03 7.867696393545891624e+03
2.350917875457286636e-03 8.133791476615519059e+03
2.443204762186486703e-03 8.407106128421692119e+03
2.539114433680347144e-03 8.687677684248717924e+03
2.638789104828934487e-03 8.975527173170312381e+03
2.742376573264949328e-03 9.270650724166907821e+03
2.850030438518105433e-03 9.573042357377320513e+03
2.961910329772553339e-03 9.882667363380945972e+03
3.078182142565080021e-03 1.019946891731376309e+04
3.199018284775063860e-03 1.052336732137542822e+04
3.324597932270938281e-03 1.085425655357787582e+04
3.455107294592218038e-03 1.119200381093519900e+04
3.590739891061055147e-03 1.153644723381271797e+04
3.731696837732751716e-03 1.188739457702465552e+04
3.878187145610719616e-03 1.224461997516843439e+04
4.030428030568050657e-03 1.260786397474022851e+04
4.188645235435270626e-03 1.297683171118014798e+04
4.353073364731892096e-03 1.335118936291147656e+04
4.523956232538053901e-03 1.373056338964980750e+04
4.701547224022129337e-03 1.411454013170948201e+04
4.886109671160325692e-03 1.450264494131232641e+04
5.077917243205403233e-03 1.489433933943204465e+04
5.277254352483537470e-03 1.528920779945236063e+04
5.484416576121015248e-03 1.568659344466203402e+04
5.699711094326075263e-03 1.608594542640142208e+04
5.923457145875806254e-03 1.648634847476029972e+04
6.155986501483507942e-03 1.688723210143162578e+04
6.397643955748423712e-03 1.728784120194776187e+04
6.648787838417263320e-03 1.768707285653186409e+04
6.909790545715645271e-03 1.808454184925887603e+04
7.181039092537349483e-03 1.847868100798268642e+04
7.462935686310129789e-03 1.886897458886180539e+04
7.755898323389001994e-03 1.925414259772341393e+04
8.060361408861344348e-03 1.963307750174318790e+04
8.376776400682916374e-03 2.000470151071159853e+04
8.705612479099856735e-03 2.036770760771224741e+04
9.047357242349292339e-03 2.072081610530112812e+04
9.402517429670131932e-03 2.106268813401821899e+04
9.771619672696182229e-03 2.139193783330212682e+04
1.015521127634568151e-02 2.170702697489661659e+04
1.055386103036523061e-02 2.200662314386642174e+04
1.096816005273137939e-02 2.228841853340828311e+04
1.139872266616051392e-02 2.255229197918998761e+04
1.184618730902683645e-02 2.279484720805743200e+04
1.231121748203889595e-02 2.301598016645906318e+04
1.279450273207873370e-02 2.321288008905348761e+04
1.329675967466211264e-02 2.338430595186181381e+04
1.381873305653632221e-02 2.352770228353153652e+04
1.436119685999078834e-02 2.364229057740340431e+04
1.492495545051829124e-02 2.372567161618143655e+04
1.551084476952840560e-02 2.377641144712672394e+04
1.611973357388157141e-02 2.379241931001461853e+04
1.675252472408215662e-02 2.377223379804932847e+04
1.741015652304015240e-02 2.371498249627435507e+04
1.809360410738716438e-02 2.361929589406305604e+04
1.880388089340914726e-02 2.348365109216570636e+04
1.954204007974053373e-02 2.330756622932479513e+04
2.030917620904734711e-02 2.309012838194546930e+04
2.110642679101554925e-02 2.283153784100891789e+04
2.193497398905057752e-02 2.253165197572113175e+04
2.279604637318979887e-02 2.219102675080277186e+04
2.369092074182631985e-02 2.181077039922451513e+04
2.462092401494625493e-02 2.139188512199913748e+04
2.558743520168586458e-02 2.093669514415876984e+04
2.659188744512693686e-02 2.044750951850737692e+04
2.763577014736157481e-02 1.992753667362887791e+04
2.872063117797828136e-02 1.938036057363479267e+04
2.984807916924324400e-02 1.881024391559739888e+04
3.101978590138096750e-02 1.822185269375075586e+04
3.223748878149030467e-02 1.762037501309996151e+04
3.350299341977229506e-02 1.701130049759542089e+04
3.481817630688966575e-02 1.640056421931928708e+04
3.618498759642746476e-02 1.579403119803403388e+04
3.760545399658171695e-02 1.519770029442385203e+04
3.908168177536264221e-02 1.461740232126531009e+04
4.061585988376979761e-02 1.405846736793040873e+04
4.221026320156898853e-02 1.352577778241323358e+04
4.386725591048498685e-02 1.302338288562687558e+04
4.558929499981059091e-02 1.255428217066467914e+04
4.737893390963143769e-02 1.212049179952654958e+04
4.923882631706736485e-02 1.172238484891051121e+04
5.117173007114604599e-02 1.135882467456863560e+04
5.318051128214196926e-02 1.102714463192669245e+04
5.526814857144603244e-02 1.072269058372243489e+04
5.743773748826581232e-02 1.043908950843457933e+04
5.969249509970733780e-02 1.016837390332888208e+04
6.203576476104268045e-02 9.901197922925635794e+03
6.447102107323869624e-02 9.627449593801722585e+03
6.700187503509583142e-02 9.337034461941217160e+03
6.963207939763882415e-02 9.020918590794066404e+03
7.236553422869657082e-02 8.672211725492425103e+03
7.520629269592407629e-02 8.287467918307736909e+03
7.815856707684090687e-02 7.867590295967982456e+03
8.122673500479711539e-02 7.418396626467003443e+03
8.441534596012985336e-02 6.950618145740240834e+03
8.772912801613355627e-02 6.478942577639089905e+03
9.117299484984921210e-02 6.020344113057133654e+03
9.475205302806537222e-02 5.591954419037900152e+03
9.847160957933774605e-02 5.208504373129199848e+03
1.023371798632519147e-01 4.880119197296797211e+03
1.063544957486011189e-01 4.610542486211432333e+03
1.105295141126020897e-01 4.396197938652711855e+03
1.148684256737553672e-01 4.226036340598673632e+03
1.193776641714435760e-01 4.082520368904592942e+03
1.240639159058831847e-01 3.944103874864188583e+03
1.289341296525714498e-01 3.789417125012544147e+03
1.339955269659338366e-01 3.602807737381831885e+03
1.392556128874462007e-01 3.379539765507761331e+03
1.447221870741134397e-01 3.128132970389456204e+03
1.504033553638023657e-01 2.868200859850687721e+03
1.563075417945815893e-01 2.624128488070717140e+03
1.624435010958865389e-01 2.416740804944143747e+03
1.688203316700362666e-01 2.256278526953913115e+03
1.754474890833459533e-01 2.138805322952081951e+03
1.823348000868440510e-01 2.047548118544204272e+03
1.894924771873821578e-01 1.960049161145702101e+03
1.969311337907421744e-01 1.854170945910648243e+03
2.046617999391989740e-01 1.723258305778531849e+03
2.126959386668689778e-01 1.578759128313996825e+03
2.210454629971021490e-01 1.441547464796107533e+03
2.297227536071151099e-01 1.328561145775357318e+03
2.387406771860647037e-01 1.244229744750390182e+03
2.481126055137767850e-01 1.178138089533168340e+03
2.578524352884273840e-01 1.112290308686418939e+03
2.679746087325689530e-01 1.035198858090063595e+03
2.784941350080644140e-01 9.500519171336477484e+02
2.894266124716748934e-01 8.705618745724851806e+02
3.007882518043099029e-01 8.067088265154568489e+02
3.125959000482277927e-01 7.554321993941182427e+02
3.248670655878374558e-01 7.063413100803804809e+02
3.376199441111336630e-01 6.530931788209555862e+02
3.508734455902711158e-01 5.997776944979328846e+02
3.646472223212745001e-01 5.533357416802931539e+02
3.789616980644716082e-01 5.143736314703224934e+02
3.938380983288489179e-01 4.774082542639884537e+02
4.092984818452438112e-01 4.399796615553340189e+02
4.253657732750387166e-01 4.049758318731229565e+02
4.420637972028529927e-01 3.743620497557142812e+02
4.594173134636476141e-01 3.462011635759539558e+02
4.774520538566126571e-01 3.188993428745704932e+02
4.961947603002903051e-01 2.936046173216379316e+02
5.156732244854963509e-01 2.708196490579927627e+02
5.359163290848514283e-01 2.495063784755810161e+02
5.569540905800129948e-01 2.295241611388273668e+02
5.788177037701274230e-01 2.112691728976359116e+02
6.015395880274833074e-01 1.943792189325772597e+02
6.251534353689711665e-01 1.786669310885536390e+02
6.496942604146117572e-01 1.642315473289564238e+02
6.751984523072501743e-01 1.508924549424589827e+02
7.017038286703822791e-01 1.385651902253989363e+02
7.292496916841444410e-01 1.272184236906462047e+02
7.578768863625922059e-01 1.167467560101674309e+02
7.876278611187055301e-01 1.071018637958704431e+02
8.185467307069020926e-01 9.821716405809043238e+01
8.506793416364153426e-01 9.003796006000828811e+01
8.840733401525062707e-01 8.250992227145900415e+01
9.187782428863330297e-01 7.558780440520020250e+01
9.548455102782293924e-01 6.922320619890238902e+01
9.923286228832545186e-01 6.337393030725269938e+01
1.031283160672184840e+00 5.799995202917889259e+01
1.071766885445503359e+00 5.306486736099247992e+01
1.113839826482618367e+00 4.853500546953424788e+01
1.157564369553303552e+00 4.437833415822888128e+01
1.203005349423324155e+00 4.056577380020807055e+01
1.250230145991455988e+00 3.706993953369916284e+01
1.299308784200414513e+00 3.386547559511097916e+01
1.350314037869872141e+00 3.092892947300460094e+01
1.403321537605484615e+00 2.823938275930904496e+01
1.458409882943986435e+00 2.577685845149589028e+01
1.515660758900601257e+00 2.352282660664970848e+01
1.575159057091621184e+00 2.145978699162642300e+01
1.636993001611701803e+00 1.957289201079107599e+01
1.701254279852589146e+00 1.784738846945220914e+01
1.768038178457205012e+00 1.626981210570278336e+01
1.837443724610724916e+00 1.482806964691625318e+01
1.909573832878096677e+00 1.351076855954259592e+01
1.984535457805803205e+00 1.230767727467788575e+01
2.062439752514092728e+00 1.120896274338231535e+01
2.143402233514854593e+00 1.020601247206602125e+01
2.227542951999556209e+00 9.290707368715478864e+00
2.314986671851161137e+00 8.455633978281076324e+00
2.405863054644066690e+00 7.693945444539256329e+00
2.500306851906321182e+00 6.999348249511331055e+00
2.598458104929247003e+00 6.366070616429058582e+00
2.700462352420681889e+00 5.788930844843017454e+00
2.806470846309838674e+00 5.262985128275290414e+00
2.916640776023700976e+00 4.783894707694615889e+00
3.031135501567576274e+00 4.347534080252314581e+00
3.150124795755327778e+00 3.950220919268457198e+00
3.273785095948577251e+00 3.588499128594143883e+00
3.402299765678064247e+00 3.259305029984260749e+00
3.535859366535175852e+00 2.959745773863679652e+00
3.674661940736688059e+00 2.687218536028710414e+00
3.818913304781854201e+00 2.439357547374071622e+00
3.968827354637157967e+00 2.213956273972848443e+00
4.124626382901348087e+00 2.009032675277096391e+00
4.286541408420925237e+00 1.822761868951784381e+00
4.454812518844988745e+00 1.653483380420837534e+00
4.629689226627268006e+00 1.499669892787988346e+00
4.811430839003254967e+00 1.359947534152624593e+00
5.000306842491089476e+00 1.233037179256018634e+00
5.196597302486197556e+00 1.117791459314200875e+00
5.400593278542373810e+00 1.013159700317932677e+00
5.612597255954965725e+00 9.181770910162556643e-01
5.832923594286199886e+00 8.319716291507598394e-01
6.061898993497572441e+00 7.537470439506895881e-01
6.299862978380692979e+00 6.827758629170366245e-01
6.547168402004729160e+00 6.183953348868583832e-01
6.804181968927093926e+00 5.600061687300550428e-01
7.071284778942995786e+00 5.070567483744723436e-01
7.348872892180388305e+00 4.590496506465442939e-01
7.637357916378011424e+00 4.155305099912764977e-01
7.937167617217542492e+00 3.760857013977634278e-01
8.248746552614580452e+00 3.403396977921387401e-01
8.572556731909324768e+00 3.079493913623911339e-01
8.909078300934124783e+00 2.786059186710544977e-01
9.258810253973944526e+00 2.520263251588277797e-01
9.622271173675134293e+00 2.279526008313177976e-01
1.000000000000000000e+01 2.061528261587388389e-01
