# k[h/Mpc]    Pk[Mpc^3/h^3] (CDM+baryons, z=0, sum m_nu = 0.12 eV)
1.000000000000000048e-04 4.395050623866435444e+02
1.018192851288654056e-04 4.471902593353287898e+02
1.036716682415320324e-04 4.550097154122200322e+02
1.055577514846969182e-04 4.629657700546105161e+02
1.074781479598227148e-04 4.710608030078170714e+02
1.094334819224358437e-04 4.792972337780710177e+02
1.114243889850503427e-04 4.876775232450886506e+02
1.134515163237845173e-04 4.962041748480685328e+02
1.155155228887354377e-04 5.048797353153058225e+02
1.176170796181814416e-04 5.137067954058709347e+02
1.197568696566808123e-04 5.226879906638457669e+02
1.219355885771395451e-04 5.318260021853208173e+02
1.241539446069180779e-04 5.411235573983570930e+02
1.264126588580515400e-04 5.505834308561477428e+02
1.287124655616594384e-04 5.602084450435750114e+02
1.310541123066188615e-04 5.700014711974104102e+02
1.334383602825797493e-04 5.799654301384722430e+02
1.358659845274025704e-04 5.901032920537611517e+02
1.383377741790963323e-04 6.004180754627633405e+02
1.408545327323400568e-04 6.109128502951534756e+02
1.434170782996723684e-04 6.215907392199563901e+02
1.460262438774317321e-04 6.324549185383177701e+02
1.486828776165345905e-04 6.435086190911051744e+02
1.513878430981813628e-04 6.547551271815530072e+02
1.541420196145766618e-04 6.661977855131967772e+02
1.569463024547576211e-04 6.778399941433525555e+02
1.598016031956211612e-04 6.896852114523755972e+02
1.627088499982476107e-04 7.017369551289723404e+02
1.656689879096138421e-04 7.139988031718169168e+02
1.686829791697952625e-04 7.264743948397313034e+02
1.717518035247584925e-04 7.391674284496886003e+02
1.748764585448427458e-04 7.520816607377279297e+02
1.780579599490355648e-04 7.652209119781000481e+02
1.812973419351494885e-04 7.785890673875562698e+02
1.845956575160039546e-04 7.921900782033382029e+02
1.879539788617241337e-04 8.060279627784472041e+02
1.913733976482663102e-04 8.201068076944826544e+02
1.948550254122856829e-04 8.344307688922991701e+02
1.983999939124585297e-04 8.490040728207793563e+02
2.020094554973777819e-04 8.638310176039478847e+02
2.056845834801435461e-04 8.789159742267880802e+02
2.094265725197667807e-04 8.942633877399530320e+02
2.132366390095114320e-04 9.098777779359792248e+02
2.171160214723039149e-04 9.257637326146981422e+02
2.210659809633339990e-04 9.419259100137417136e+02
2.250878014799803737e-04 9.583690461400605045e+02
2.291827903791957422e-04 9.750979561930039381e+02
2.333522788024834985e-04 9.921175358377985276e+02
2.375976221086056330e-04 1.009432762498338889e+03
2.419202003141653350e-04 1.027048696669553237e+03
2.463214185422023359e-04 1.044970483249585186e+03
2.508027074789512386e-04 1.063203352892103794e+03
2.553655238389076002e-04 1.081752623378978342e+03
2.600113508383580818e-04 1.100623701013629670e+03
2.647416986775227160e-04 1.119822082035321046e+03
2.695581050314685314e-04 1.139353351392021068e+03
2.744621355499574371e-04 1.159223168140198595e+03
2.794553843663845458e-04 1.179437276263016884e+03
2.845394746159758551e-04 1.200001513423237611e+03
2.897160589634161019e-04 1.220921812421536515e+03
2.949868201400724570e-04 1.242204202649113995e+03
3.003534714909940903e-04 1.263854811560151575e+03
3.058177575318607564e-04 1.285879866164352507e+03
3.113814545160675839e-04 1.308285694539793667e+03
3.170463710121235027e-04 1.331078727366298608e+03
3.228143484915545593e-04 1.354265499479550272e+03
3.286872619275051630e-04 1.377852651446169375e+03
3.346670204042274878e-04 1.401846931158788720e+03
3.407555677376585749e-04 1.426255185696913486e+03
3.469548831072907032e-04 1.451084338146383288e+03
3.532669816995344099e-04 1.476341413414960016e+03
3.596939153627857458e-04 1.502033546626351381e+03
3.662377732744146039e-04 1.528167984667512201e+03
3.729006826198842401e-04 1.554752087753229716e+03
3.796848092842254412e-04 1.581793331008033419e+03
3.865923585560943217e-04 1.609299306065699511e+03
3.936255758446357959e-04 1.637277722686133302e+03
4.007867474093881042e-04 1.665736410389999037e+03
4.080782011034704971e-04 1.694683320110988916e+03
4.155023071302878300e-04 1.724126525865877056e+03
4.230614788140018689e-04 1.754074226133357115e+03
4.307581733840231200e-04 1.784534717465879567e+03
4.385948927737709220e-04 1.815516371179287944e+03
4.465741844339673225e-04 1.847027677478062060e+03
4.546986421607269535e-04 1.879077252003098238e+03
4.629709069387099988e-04 1.911673837345285392e+03
4.713936677996192776e-04 1.944826304568680143e+03
4.799696626963114669e-04 1.978543654743165916e+03
4.887016793928109122e-04 2.012835020486250414e+03
4.975925563705199022e-04 2.047709667514021476e+03
5.066451837509105497e-04 2.083176996200858412e+03
5.158625042350036471e-04 2.119246543147800367e+03
5.252475140599437630e-04 2.155927982759324550e+03
5.348032639729722064e-04 2.193231125917761801e+03
5.445328602231193230e-04 2.231165859361077310e+03
5.544394655709439885e-04 2.269742143408533593e+03
5.645263003166376423e-04 2.308970070516712894e+03
5.747966433468323271e-04 2.348859869023766350e+03
5.852538332004588112e-04 2.389421904358854135e+03
5.959012691539901374e-04 2.430666680245216412e+03
6.067424123264289265e-04 2.472604839896268913e+03
6.177807868044028370e-04 2.515247167204192920e+03
6.290199807877237988e-04 2.558604587920257018e+03
6.404636477557869127e-04 2.602688170826316309e+03
6.521155076551968374e-04 2.647509128896755556e+03
6.639793481089937589e-04 2.693078820450172316e+03
6.760590256478781488e-04 2.739408735622930635e+03
6.883584669638424022e-04 2.786510376402605289e+03
7.008816701866015138e-04 2.834395310447646807e+03
7.136327061832506164e-04 2.883075238831216211e+03
7.266157198815622470e-04 2.932561997116661132e+03
7.398349316173659113e-04 2.982867555763204109e+03
7.532946385064322441e-04 3.034004020496195153e+03
7.669992158413210326e-04 3.085983632640780797e+03
7.809531185136364337e-04 3.138818769417736803e+03
7.951608824621657834e-04 3.192521944200183043e+03
8.096271261473557369e-04 3.247105806729773121e+03
8.243565520526149317e-04 3.302583143291278702e+03
8.393539482129358346e-04 3.358966876843943737e+03
8.546241897713193272e-04 3.416270017667264710e+03
8.701722405635155082e-04 3.474505487810071827e+03
8.860031547316025383e-04 3.533686265407410701e+03
9.021220783669138630e-04 3.593825441743894771e+03
9.185342511828547196e-04 3.654936220206401686e+03
9.352450082181596814e-04 3.717031915157308504e+03
9.522597815711297603e-04 3.780125950728199768e+03
9.695841021654195762e-04 3.844231859532162161e+03
9.872236015479583272e-04 3.909363281292740794e+03
1.005184013719570731e-03 3.975533961387629915e+03
1.023471176998903354e-03 4.042757749305090783e+03
1.042091035920268260e-03 4.111048597011350466e+03
1.061049643166006237e-03 4.180420556354584733e+03
1.080353161534003880e-03 4.250887580899689056e+03
1.100007865941020346e-03 4.322463255939072951e+03
1.120020145462436367e-03 4.395161154590213300e+03
1.140396505409130030e-03 4.468994892656071897e+03
1.161143569442140474e-03 4.543978124483427564e+03
1.182268081725779563e-03 4.620124538671017945e+03
1.203776909119937686e-03 4.697447853625494645e+03
1.225677043412273662e-03 4.775961812962707882e+03
1.247975603590990466e-03 4.855680180752076922e+03
1.270679838158989732e-03 4.936616736601939010e+03
1.293797127490108707e-03 5.018785270583633064e+03
1.317334986228223953e-03 5.102199577992293598e+03
1.341301065730015436e-03 5.186873447921819206e+03
1.365703156552156234e-03 5.272820457085850649e+03
1.390549190983755108e-03 5.360053901608464912e+03
1.415847245624880920e-03 5.448587013107652638e+03
1.441605544011986383e-03 5.538432966080801634e+03
1.467832459291095685e-03 5.629604870422850581e+03
1.494536516939638099e-03 5.722115763743913703e+03
1.521726397537785614e-03 5.815978603485078565e+03
1.549410939590209870e-03 5.911206258830866318e+03
1.577599142399188420e-03 6.007811502417554038e+03
1.606300168989966727e-03 6.105807001836144991e+03
1.635523349089341256e-03 6.205205310929305597e+03
1.665278182158445083e-03 6.306018860881536057e+03
1.695574340480695760e-03 6.408259904862600706e+03
1.726421672305918737e-03 6.511939979122143086e+03
1.757830205051689977e-03 6.617070040410068032e+03
1.789810148562901533e-03 6.723660811354314319e+03
1.822371898430628434e-03 6.831722774985134492e+03
1.855526039371401025e-03 6.941266162251386959e+03
1.889283348667912315e-03 7.052300939297322657e+03
1.923654799672356013e-03 7.164836794502698467e+03
1.958651565373502844e-03 7.278883125288648444e+03
1.994285022028632545e-03 7.394449024691332852e+03
2.030566752861590052e-03 7.511543267707398627e+03
2.067508551828088018e-03 7.630174297413836030e+03
2.105122427449517258e-03 7.750350210866501584e+03
2.143420606716516918e-03 7.872078662193117452e+03
2.182415539063549490e-03 7.995366446581557284e+03
2.222119900415780395e-03 8.120219762022019495e+03
2.262546597309603950e-03 8.246644354654017661e+03
2.303708771088110261e-03 8.374645502368794041e+03
2.345619802172884284e-03 8.504227998018805010e+03
2.388293314413537840e-03 8.635396132435196705e+03
2.431743179516352837e-03 8.768153677262027486e+03
2.475983521553492845e-03 8.902503867615416311e+03
2.521028721554273606e-03 9.038449384578496392e+03
2.566893422179938791e-03 9.175992337541187226e+03
2.613592532483482739e-03 9.315134246396090020e+03
2.661141232756091858e-03 9.455876023392544084e+03
2.709554979461731641e-03 9.598217743705505200e+03
2.758849510261511279e-03 9.742158208282400665e+03
2.809040849129475128e-03 9.887695394073549323e+03
2.860145311561445615e-03 1.003482653974835739e+04
2.912179509878621078e-03 1.018354812574310563e+04
2.965160358627711400e-03 1.033385585426387115e+04
3.019105080079240774e-03 1.048574462926165143e+04
3.074031209825939682e-03 1.063920853639894449e+04
3.129956602482987689e-03 1.079424082302699571e+04
3.186899437491901629e-03 1.095083387819309064e+04
3.244878225030087531e-03 1.110897921269935068e+04
3.303911812027855201e-03 1.126866743923400099e+04
3.364019388294905554e-03 1.142988823722760935e+04
3.425220492758303866e-03 1.159262945388466505e+04
3.487535019813910002e-03 1.175687654645129624e+04
3.550983225793357713e-03 1.192261374740902284e+04
3.615585735548721910e-03 1.208982415356293495e+04
3.681363549156942572e-03 1.225848970413501593e+04
3.748338048746226604e-03 1.242859115917689996e+04
3.816531005446670635e-03 1.260010807833629042e+04
3.885964586467303538e-03 1.277301880001329118e+04
3.956661362301879675e-03 1.294730042094299642e+04
4.028644314065801639e-03 1.312292877624215180e+04
4.101936840966486156e-03 1.329987841995796953e+04
4.176562767909641240e-03 1.347812260615787091e+04
4.252546353243950861e-03 1.365763313815508081e+04
4.329912296646630868e-03 1.383837819346681863e+04
4.408685747152437870e-03 1.402032253491392657e+04
4.488892311328791275e-03 1.420342926531289595e+04
4.570558061599583680e-03 1.438765986559368321e+04
4.653709544720419609e-03 1.457297417671178300e+04
4.738373790408112810e-03 1.475933038265212053e+04
4.824578320127069324e-03 1.494668499458443148e+04
4.912351156035600803e-03 1.513499283623278279e+04
5.001720830095009521e-03 1.532420703052048520e+04
5.092716393344296974e-03 1.551427898755299611e+04
5.185367425343695783e-03 1.570515839400211371e+04
5.279704043790010327e-03 1.589679320395359355e+04
5.375756914306787163e-03 1.608912918075993912e+04
5.473557260412724793e-03 1.628210691835667058e+04
5.573136873671352513e-03 1.647566352105153783e+04
5.674528124025369699e-03 1.666973407410617801e+04
5.777763970319049064e-03 1.686425164884296828e+04
5.882877971012012881e-03 1.705914730268829953e+04
5.989904295087934011e-03 1.725435008158153505e+04
6.098877733161739596e-03 1.744978702483262532e+04
6.209833708788841528e-03 1.764538317250847103e+04
6.322808289980108576e-03 1.784106157542806977e+04
6.437838200926385319e-03 1.803674330784477934e+04
6.554960833936262360e-03 1.823234748289137497e+04
6.674214261591017439e-03 1.842779127083034473e+04
6.795637249120757215e-03 1.862298785696247796e+04
6.919269267005656761e-03 1.881784072242924594e+04
7.045150503806445370e-03 1.901224926811051409e+04
7.173321879228382672e-03 1.920611057923645058e+04
7.303825057422841556e-03 1.939931946337679983e+04
7.436702460530880687e-03 1.959176849291686085e+04
7.571997282473287398e-03 1.978334805211623825e+04
7.709753502991424298e-03 1.997394638883871448e+04
7.850015901943519989e-03 2.016344967103712042e+04
7.992830073861156154e-03 2.035174204806923080e+04
8.138242442770402332e-03 2.053870571691400255e+04
8.286300277282729679e-03 2.072422099334984887e+04
8.437051705960476808e-03 2.090816634336590869e+04
8.590545732961701528e-03 2.109041327385724799e+04
8.746832253969855087e-03 2.127082134552338903e+04
8.905962072413141362e-03 2.144924690132029718e+04
9.067986915978947307e-03 2.162554429686808726e+04
9.232959453428814245e-03 2.179956602103023033e+04
9.400933311719227026e-03 2.197116282383436919e+04
9.571963093433890138e-03 2.214018385175356525e+04
9.746104394533217086e-03 2.230647679034885005e+04
9.923413822426669154e-03 2.246988801425283964e+04
1.010394901437385203e-02 2.263026274445915624e+04
1.028776865622049903e-02 2.278744521285805604e+04
1.047493250147520615e-02 2.294127883394111632e+04
1.066550139073323480e-02 2.309160592408851153e+04
1.085953727145377856e-02 2.323825680564190043e+04
1.105710321809694544e-02 2.338104912292092558e+04
1.125826345262708091e-02 2.351979932423222635e+04
1.146308336538921606e-02 2.365432347181056321e+04
1.167162953636518598e-02 2.378443750241518865e+04
1.188396975681655331e-02 2.390995749751315452e+04
1.210017305132118047e-02 2.403069996275063750e+04
1.232030970021084568e-02 2.414648211637798522e+04
1.254445126241695782e-02 2.425712218624737943e+04
1.277267059873187817e-02 2.436243971496415543e+04
1.300504189549357356e-02 2.446225587272791381e+04
1.324164068870101706e-02 2.455639377735751987e+04
1.348254388856834698e-02 2.464467599684970264e+04
1.372782980452582312e-02 2.472689958978290088e+04
1.397757817067552845e-02 2.480284808880979472e+04
1.423187017171016755e-02 2.487230764939406072e+04
1.449078846930352236e-02 2.493506771208349164e+04
1.475441722898090599e-02 2.499092148807306148e+04
1.502284214747852745e-02 2.503966645380365662e+04
1.529615048060052954e-02 2.508110485341409731e+04
1.557443107158297015e-02 2.511504420778177519e+04
1.585777437997368949e-02 2.514129782880241328e+04
1.614627251103758002e-02 2.515968533748367918e+04
1.644001924569696987e-02 2.517003318434584071e+04
1.673911007101656218e-02 2.517217517055116332e+04
1.704364221124297918e-02 2.516595086742671992e+04
1.735371465940915153e-02 2.515119819568568710e+04
1.766942820951353937e-02 2.512776102983036981e+04
1.799088548928476708e-02 2.509549275987953661e+04
1.831819099354253105e-02 2.505425684520470168e+04
1.865145111816521317e-02 2.500392735909996918e+04
1.899077419467561437e-02 2.494438952241479274e+04
1.933627052545575792e-02 2.487554022399588575e+04
1.968805241960255858e-02 2.479728852564852423e+04
2.004623422943563674e-02 2.470955614930068259e+04
2.041093238766928872e-02 2.461227794403389271e+04
2.078226544526092998e-02 2.450540233063946653e+04
2.116035410994791810e-02 2.438889177283494428e+04
2.154532128548546088e-02 2.426273982512660223e+04
2.193729211159857126e-02 2.412699485624961380e+04
2.233639400466067362e-02 2.398172489729795416e+04
2.274275669911225012e-02 2.382701155893596660e+04
2.315651228963324162e-02 2.366295004717282063e+04
2.357779527408245326e-02 2.348964914601739656e+04
2.400674259721816833e-02 2.330723116642081368e+04
2.444349369521435500e-02 2.311583186102582840e+04
2.488819054098654476e-02 2.291560030435352019e+04
2.534097769034242970e-02 2.270669873817966800e+04
2.580200232897193052e-02 2.248930238197482686e+04
2.627141432029242440e-02 2.226359920840925770e+04
2.674936625416414818e-02 2.202979293844673157e+04
2.723601349649189957e-02 2.178822589506729491e+04
2.773151423972935320e-02 2.153940965490397139e+04
2.823602955430197167e-02 2.128386403997337766e+04
2.874972344096543217e-02 2.102210443571874202e+04
2.927276288411684996e-02 2.075464055239428490e+04
2.980531790607564985e-02 2.048197526396505418e+04
3.034756162235194635e-02 2.020460352566506481e+04
3.089967029792066097e-02 1.992301137087042662e+04
3.146182340451917497e-02 1.963767498749569131e+04
3.203420367898752313e-02 1.934905987368932983e+04
3.261699718266979769e-02 1.905762007220912346e+04
3.321039336189655911e-02 1.876379748248549004e+04
3.381458510956728697e-02 1.846804430067276917e+04
3.442976882785318132e-02 1.817107085109648688e+04
3.505614449204105115e-02 1.787373190923298171e+04
3.569391571553836434e-02 1.757683996125138947e+04
3.634328981606090719e-02 1.728116176557204381e+04
3.700447788302495961e-02 1.698741857950964550e+04
3.767769484616516340e-02 1.669628669793786321e+04
3.836315954540073236e-02 1.640839827376350877e+04
3.906109480197312439e-02 1.612434239066713235e+04
3.977172749087744263e-02 1.584466635953094374e+04
4.049528861461189344e-02 1.556987721119043090e+04
4.123201337826865737e-02 1.530044335956973009e+04
4.198214126599129209e-02 1.503679704236056205e+04
4.274591611882278680e-02 1.477934295390613624e+04
4.352358621396981014e-02 1.452845716021922635e+04
4.431540434550947788e-02 1.428448426459388611e+04
4.512162790656396028e-02 1.404773957115986377e+04
4.594251897297006032e-02 1.381851139213611168e+04
4.677834438847147669e-02 1.359706339803565243e+04
4.762937585146043151e-02 1.338363699924107277e+04
4.849589000329746630e-02 1.317845193271589778e+04
4.937816851823838976e-02 1.298152847188742817e+04
5.027649819499679928e-02 1.279255085797695756e+04
5.119117104997271406e-02 1.261118362104757762e+04
5.212248441217692818e-02 1.243710804367384844e+04
5.307074101988284998e-02 1.227002118193613933e+04
5.403624911903631006e-02 1.210957423878352165e+04
5.501932256345561101e-02 1.195509541286686726e+04
5.602028091685504890e-02 1.180582748137887211e+04
5.703944955672407557e-02 1.166104925747125890e+04
5.807715978009624774e-02 1.152003454664169476e+04
5.913374891124294208e-02 1.138181126742008928e+04
6.020956041132585757e-02 1.124532943596035875e+04
6.130494399004434575e-02 1.110958455084473098e+04
6.242025571931449079e-02 1.097351073457782877e+04
6.355585814901575092e-02 1.083595307570971818e+04
6.471212042484364435e-02 1.069580710533815181e+04
6.588941840830631058e-02 1.055198643743165667e+04
6.708813479890453346e-02 1.040341460021179228e+04
6.830865925853425724e-02 1.024909186463781043e+04
6.955138853815211186e-02 1.008814094299838871e+04
7.081672660674612207e-02 9.919796503699692039e+03
7.210508478265199861e-02 9.743435958532110817e+03
7.341688186725858767e-02 9.558668878285363462e+03
7.475254428114630478e-02 9.365241048699050225e+03
7.611250620270181011e-02 9.163206495058362634e+03
7.749720970925433328e-02 8.952815655261849315e+03
7.890710492078044369e-02 8.734592861948753125e+03
8.034265014622242462e-02 8.509340192310210114e+03
8.180431203246910088e-02 8.278062019494896958e+03
8.329256571604647108e-02 8.042087582190397370e+03
8.480789497756895112e-02 7.802858855955612853e+03
8.635079239899974557e-02 7.562103156372931153e+03
8.792175952377219439e-02 7.321575737222417047e+03
8.952130701982498329e-02 7.083230662316196685e+03
9.114995484560270422e-02 6.848960409546819392e+03
9.280823241907629195e-02 6.620712420818451392e+03
9.449667878983940283e-02 6.400284458322632418e+03
9.621584281433476216e-02 6.189371675760360631e+03
9.796628333426847524e-02 5.989444641545972445e+03
9.974856935827097759e-02 5.801717713710808312e+03
1.015632802468619950e-01 5.627127613162037960e+03
1.034110059007811722e-01 5.466235819959707442e+03
1.052923469527442119e-01 5.319288643318280265e+03
1.072079149626888606e-01 5.186082236742836358e+03
1.091583326165718459e-01 5.066076635670934593e+03
1.111442339287825876e-01 4.958286529373041958e+03
1.131662644482403085e-01 4.861382191321608843e+03
1.152250814682397734e-01 4.773657121237983119e+03
1.173213542401145143e-01 4.693086664970790480e+03
1.194557641907884188e-01 4.617399563548036895e+03
1.216290051442840969e-01 4.544154565986250418e+03
1.238417835472609974e-01 4.470867576086982808e+03
1.260948186986580177e-01 4.395107082841263036e+03
1.283888429835126355e-01 4.314626200836035423e+03
1.307246021110340384e-01 4.227570622450753035e+03
1.331028553570085537e-01 4.132528742293326104e+03
1.355243758106138563e-01 4.028768695953917359e+03
1.379899506257241670e-01 3.916191342254986012e+03
1.405003812767867122e-01 3.795447801515744686e+03
1.430564838193544852e-01 3.667882825191850316e+03
1.456590891553579126e-01 3.535429234788956819e+03
1.483090433032021316e-01 3.400542842472883422e+03
1.510072076727798640e-01 3.265894017984951006e+03
1.537544593454858166e-01 3.134321009100631727e+03
1.565516913593256454e-01 3.008469201581438028e+03
1.593998129992131307e-01 2.890684247019531995e+03
1.622997500925472680e-01 2.782789479493353610e+03
1.652524453101666957e-01 2.685937902501432745e+03
1.682588584727810199e-01 2.600568959681149408e+03
1.713199668629750150e-01 2.526344941396056583e+03
1.744367655428904484e-01 2.462117041121474813e+03
1.776102676776860900e-01 2.406090615620833432e+03
1.808415048648842893e-01 2.356017236473445337e+03
1.841315274697077342e-01 2.309411590074381365e+03
1.874814049665168569e-01 2.263478402488434313e+03
1.908922262864606312e-01 2.215518413815671920e+03
1.943651001714505333e-01 2.163235906421904474e+03
1.979011555345740747e-01 2.105107143724558682e+03
2.015015418270673930e-01 2.040813708092491652e+03
2.051674294119619768e-01 1.970959849561960709e+03
2.089000099445292302e-01 1.897041719018533968e+03
2.127004967596484164e-01 1.821205163267355601e+03
2.165701252662195486e-01 1.745918556716428384e+03
2.205101533487533183e-01 1.673612747037725057e+03
2.245218617762654856e-01 1.606392344001539641e+03
2.286065546186128450e-01 1.545639730679418108e+03
2.327655596704011065e-01 1.492078132484896969e+03
2.370002288826050518e-01 1.445416949897199856e+03
2.413119388020432687e-01 1.404725570887732374e+03
2.457020910188459084e-01 1.368276758248271108e+03
2.501721126220631253e-01 1.334083450964541044e+03
2.547234566635647179e-01 1.299991614167715625e+03
2.593576026303771598e-01 1.264288088083586672e+03
2.640760569256134782e-01 1.225751566695403199e+03
2.688803533581552996e-01 1.184227035744936757e+03
2.737720536412410199e-01 1.140242248609064745e+03
2.787527479001258301e-01 1.095261690023690790e+03
2.838240551889765206e-01 1.050937044552000316e+03
2.889876240171723176e-01 1.008982980229851933e+03
2.942451328851785064e-01 9.705861959883879990e+02
2.995982908301688674e-01 9.362538713804667623e+02
3.050488379815770590e-01 9.057117962494702397e+02
3.105985461267529724e-01 8.780248384249780429e+02
3.162492192869091334e-01 8.519208149297552382e+02
3.220026943035488309e-01 8.260427965840669913e+02
3.278608414355596024e-01 7.994867408102809350e+02
3.338255649671697523e-01 7.717653554934523754e+02
3.398988038269684098e-01 7.432093976363323691e+02
3.460825322181838581e-01 7.144805241487792955e+02
3.523787602604305236e-01 6.865977205494544933e+02
3.587895346431287935e-01 6.603764626312241717e+02
3.653169392908166557e-01 6.362468267332026244e+02
3.719630960405611586e-01 6.141634592539546702e+02
3.787301653316944572e-01 5.935516512700961584e+02
3.856203469081013746e-01 5.737492792400072403e+02
3.926358805332800794e-01 5.540734498834726764e+02
3.997790467184118013e-01 5.342616103196885433e+02
4.070521674636797815e-01 5.143869930990927060e+02
4.144576070130712719e-01 4.947937735875901240e+02
4.219977726229114934e-01 4.759440417462274127e+02
4.296751153443834070e-01 4.580923784251562552e+02
4.374921308202791015e-01 4.413420249491661593e+02
4.454513600962493047e-01 4.255154657634873274e+02
4.535553904468090924e-01 4.103121331757041048e+02
4.618068562163753499e-01 3.954793561032750517e+02
4.702084396756012197e-01 3.808236258838248318e+02
4.787628718932894767e-01 3.664082829468938485e+02
4.874729336241730993e-01 3.524375056334594660e+02
4.963414562128421470e-01 3.390543818241176268e+02
5.053713225141164278e-01 3.263470692531395230e+02
5.145654678301662122e-01 3.142640230351458968e+02
5.239268808646776465e-01 3.025954215722988465e+02
5.334586046943771143e-01 2.912063471366034264e+02
5.431637377582348991e-01 2.801279591592571023e+02
5.530454348646605123e-01 2.694091148692781985e+02
5.631069082170223616e-01 2.590891310607965465e+02
5.733514284578283826e-01 2.491985538438786421e+02
5.837823257318991432e-01 2.397208164399978614e+02
5.944029907688848091e-01 2.305850189294312429e+02
6.052168759854743563e-01 2.217323891234318864e+02
6.162274966076619620e-01 2.131661833662534207e+02
6.274384318134254013e-01 2.049129524537053157e+02
6.388533258961933692e-01 1.969863201697448005e+02
6.504758894494848676e-01 1.893655153688356449e+02
6.623099005730950228e-01 1.820239292592101492e+02
6.743592061012246841e-01 1.749406370314872561e+02
6.866277228529591437e-01 1.681100788202281819e+02
6.991194389054908864e-01 1.615302852281331809e+02
7.118384148905058106e-01 1.551983654823070253e+02
7.247887853141601333e-01 1.491071024315043303e+02
7.379747599010648695e-01 1.432459489160440569e+02
7.514006249627259715e-01 1.376048122002856076e+02
7.650707447908745573e-01 1.321742229449481840e+02
7.789895630761547451e-01 1.269462811303506271e+02
7.931616043526137361e-01 1.219143060445643414e+02
8.075914754684712094e-01 1.170718119546071421e+02
8.222838670836538633e-01 1.124124725165009266e+02
8.372435551945670573e-01 1.079301038912797850e+02
8.524754026866058210e-01 1.036185172677250961e+02
8.679843609149188177e-01 9.947161480979607973e+01
8.837754713139223117e-01 9.548349496460554064e+01
8.998538670360967107e-01 9.164844846323143202e+01
9.162247746206046983e-01 8.796095297682923331e+01
9.328935156922580907e-01 8.441566757665141552e+01
9.498655086913979639e-01 8.100741584620030267e+01
9.671462706352423888e-01 7.773117931507478318e+01
9.847414189112857485e-01 7.458210940964860924e+01
1.002656673103317075e+00 7.155552342785622955e+01
1.020897856850663477e+00 6.864689941212191115e+01
1.039470899741254284e+00 6.585187115673389258e+01
1.058381839239129318e+00 6.316622334718208975e+01
1.077636822647020098e+00 6.058588682898503919e+01
1.097242109104616281e+00 5.810693471029058088e+01
1.117204071623204564e+00 5.572558471933854918e+01
1.137529199157325532e+00 5.343819058172000069e+01
1.158224098714097927e+00 5.124123258340330977e+01
1.179295497500937762e+00 4.913131356862207610e+01
1.200750245112352843e+00 4.710515511998206506e+01
1.222595315756498158e+00 4.515959383649253311e+01
1.244837810522259947e+00 4.329157770800923544e+01
1.267484959687586565e+00 4.149816258455761897e+01
1.290544125069789771e+00 3.977650873897731998e+01
1.314022802418629343e+00 3.812387752130143781e+01
1.337928623852933541e+00 3.653762810048074527e+01
1.362269360341522129e+00 3.501521281343271852e+01
1.387052924229306816e+00 3.355417202909247010e+01
1.412287371809304970e+00 3.215213495602417026e+01
1.437980905941474319e+00 3.080681734138069672e+01
1.464141878719193102e+00 2.951601855105359462e+01
1.490778794184223655e+00 2.827761873727298791e+01
1.517900311091094689e+00 2.708957609154323620e+01
1.545515245721778452e+00 2.594992418082823349e+01
1.573632574751544055e+00 2.485676936493187839e+01
1.602261438166979080e+00 2.380828829304197924e+01
1.631411142237097822e+00 2.280272547744127465e+01
1.661091162538472332e+00 2.183839094241909606e+01
1.691311147035430507e+00 2.091365794637913922e+01
1.722080919216290917e+00 2.002696077366320893e+01
1.753410481286623579e+00 1.917679259773722933e+01
1.785310017420636663e+00 1.836170341396372407e+01
1.817789897071716787e+00 1.758029803614808984e+01
1.850860678343162258e+00 1.683123415703578019e+01
1.884533111420275020e+00 1.611322047113204903e+01
1.918818142064890653e+00 1.542501485813517803e+01
1.953726915173450651e+00 1.476542262530805338e+01
1.989270778399840234e+00 1.413329480714322628e+01
2.025461285844135872e+00 1.352752652071275286e+01
2.062310201808426502e+00 1.294705537512660776e+01
2.099829504620999376e+00 1.239085993355490878e+01
2.138031390530099607e+00 1.185795816624444754e+01
2.176928277668485734e+00 1.134740546017573948e+01
2.216532810090176664e+00 1.085829359418097084e+01
2.256857861880572358e+00 1.038974980764025169e+01
2.297916541341392893e+00 9.940935491306163385e+00
2.339722195251757952e+00 9.511044917581420677e+00
2.382288413206739008e+00 9.099304014851167466e+00
2.425629032034890553e+00 8.704969184486326839e+00
2.469758140296145932e+00 8.327326159173180642e+00
2.514690082861498865e+00 7.965688901259687427e+00
2.560439465576048956e+00 7.619398539843526663e+00
2.607021160006877558e+00 7.287822345362764409e+00
2.654450308277259918e+00 6.970352740483835241e+00
2.702742327988867821e+00 6.666406337380045066e+00
2.751912917233522826e+00 6.375422984782253444e+00
2.801978059696081491e+00 6.096864918128375166e+00
2.852954029850200968e+00 5.830215918927422081e+00
2.904857398248635203e+00 5.574980489073211309e+00
2.957705036909722196e+00 5.330683054986073088e+00
3.011514124801920822e+00 5.096867200596438607e+00
3.066302153428126953e+00 4.873094928206759491e+00
3.122086932511527912e+00 4.658945946296610074e+00
3.178886595784957247e+00 4.454016983362750537e+00
3.236719606885571920e+00 4.257921126913944754e+00
3.295604765356715760e+00 4.070287186766647025e+00
3.355561212759026635e+00 3.890759081694848742e+00
3.416608438892731137e+00 3.718995192214572310e+00
3.478766288133063878e+00 3.554667716497736940e+00
3.542054965881055395e+00 3.397462267153719129e+00
3.606495045131572041e+00 3.247077366263583897e+00
3.672107473160914903e+00 3.103223934113348736e+00
3.738913578336090726e+00 2.965624797267520485e+00
3.806935077047892690e+00 2.834014215294301309e+00
3.876194080770182016e+00 2.708137425475931170e+00
3.946713103247599275e+00 2.587750204860100656e+00
4.018515067813969388e+00 2.472618449029432064e+00
4.091623314843920944e+00 2.362517766986430345e+00
4.166061609340070859e+00 2.257233091571675843e+00
4.241854148658170232e+00 2.156558303597960524e+00
4.319025570372864387e+00 2.060295817816442554e+00
4.397600960286556671e+00 1.968256227899053412e+00
4.477605860583897091e+00 1.880258054319361438e+00
4.559066278134701555e+00 1.796127428100168233e+00
4.642008692947928949e+00 1.715697780895966140e+00
4.726460066779375246e+00 1.638809547252065624e+00
4.812447851896049400e+00 1.565309878582731073e+00
4.900000000000001243e+00 1.495052368427125078e+00
