# k[h/Mpc]    Pk[Mpc^3/h^3] (CDM+baryons, z=0, sum m_nu = 0.15 eV)
1.000000000000000048e-04 4.163420700160760362e+02
1.039255682936713091e-04 4.321480366151916996e+02
1.080052374516252909e-04 4.485533426557849452e+02
1.122450568085307056e-04 4.655806297455283698e+02
1.166513131698196175e-04 4.832533810286889207e+02
1.212305401337652864e-04 5.015959592197169172e+02
1.259895277795027079e-04 5.206336298746413149e+02
1.309353327353610932e-04 5.403926001045409748e+02
1.360752886424333198e-04 5.609000450256017984e+02
1.414170170289023951e-04 5.821841532232057261e+02
1.469684386112446071e-04 6.042741484150139968e+02
1.527377850390714128e-04 6.272003348848826363e+02
1.587336111010208739e-04 6.509941293876084956e+02
1.649648074098020775e-04 6.756881038838563427e+02
1.714406135851970269e-04 7.013160223705463068e+02
1.781706319545730730e-04 7.279128786152733710e+02
1.851648417912154056e-04 7.555149428677871128e+02
1.924336141115979919e-04 7.841597972773860192e+02
1.999877270535284877e-04 8.138863853360937810e+02
2.078383818579757254e-04 8.447350508888707736e+02
2.159972194782717103e-04 8.767475847314834709e+02
2.244763378413223921e-04 9.099672694498236751e+02
2.332883097864158189e-04 9.444389261031379874e+02
2.424462017082328286e-04 9.802089606244269362e+02
2.519635929317013637e-04 1.017325412254694584e+03
2.618545958474232716e-04 1.055837999948130800e+03
2.721338768375308921e-04 1.095798172691604577e+03
2.828166780230032180e-04 1.137259156231969428e+03
2.939188398646887007e-04 1.180276004820625303e+03
3.054568246515431892e-04 1.224905648364972649e+03
3.174477409109193664e-04 1.271206942804898517e+03
3.299093687770939063e-04 1.319240719445381501e+03
3.428601863556586678e-04 1.369069833508661532e+03
3.563193971228584300e-04 1.420759213790766125e+03
3.703069584005141035e-04 1.474375911880264766e+03
3.848436109487429323e-04 1.529989147408103690e+03
3.999509097203665198e-04 1.587670358175649653e+03
4.156512558225987906e-04 1.647493245738587802e+03
4.319679297334173764e-04 1.709533820469067223e+03
4.489251258218607721e-04 1.773870445647668248e+03
4.665479882234472913e-04 1.840583882611210356e+03
4.848626481239078079e-04 1.909757331008974916e+03
5.038962625065149942e-04 1.981476464969630115e+03
5.236770544204655915e-04 2.055829485299881071e+03
5.442343548300266828e-04 2.132907135385621132e+03
5.655986461065001716e-04 2.212802749848121039e+03
5.878016072274911547e-04 2.295612278460008383e+03
6.108761607505039425e-04 2.381434317318962258e+03
6.348565216305217035e-04 2.470370122860772426e+03
6.597782479539539974e-04 2.562523643455412184e+03
6.856782936641738196e-04 2.658001507718228368e+03
7.125950633568410445e-04 2.756913046060381021e+03
7.405684692262435144e-04 2.859370276424182066e+03
7.696399902471158820e-04 2.965487885179925343e+03
7.998527336796708211e-04 3.075383191555481517e+03
8.312514989890631501e-04 3.189176090512441078e+03
8.638828442740445089e-04 3.306989015380678666e+03
8.977951553033323203e-04 3.428946802164368364e+03
9.330387172620360813e-04 3.555176609804404052e+03
9.696657893145520669e-04 3.685807754332057357e+03
1.007730682094461726e-03 3.820971560405510900e+03
1.047289838236358439e-03 3.960801139994688583e+03
1.088401916069005500e-03 4.105431167790984546e+03
1.131127876593921366e-03 4.254997613555049611e+03
1.175531073878369843e-03 4.409637465456487007e+03
1.221677348996791758e-03 4.569488369198289547e+03
1.269635127659972731e-03 4.734688313971842035e+03
1.319475521676706032e-03 4.905375175471083821e+03
1.371272434398400917e-03 5.081686370720719424e+03
1.425102670302997709e-03 5.263758356876581274e+03
1.481046048880673999e-03 5.451726140615931399e+03
1.539185522990205385e-03 5.645722731038898019e+03
1.599607301861487915e-03 5.845878509909976856e+03
1.662400978926611940e-03 6.052320606935799333e+03
1.727659664669034751e-03 6.265166985466988990e+03
1.795480124687830496e-03 6.484528869983609184e+03
1.865962923181745982e-03 6.710530127659535538e+03
1.939212572065830958e-03 6.943277183070458705e+03
2.015337685941732959e-03 7.182868825397717046e+03
2.094451143151468755e-03 7.429395440811334083e+03
2.176670253153459040e-03 7.682938309363267763e+03
2.262116930469026260e-03 7.943567933502484266e+03
2.350917875457286636e-03 8.211343592974026251e+03
2.443204762186486703e-03 8.486311275579773792e+03
2.539114433680347144e-03 8.768503459402234512e+03
2.638789104828934487e-03 9.057936445591485608e+03
2.742376573264949328e-03 9.354610663458421186e+03
2.850030438518105433e-03 9.658507491895963540e+03
2.961910329772553339e-03 9.969589876572867070e+03
3.078182142565080021e-03 1.028779860931938492e+04
3.199018284775063860e-03 1.061305354895938581e+04
3.324597932270938281e-03 1.094524848605655643e+04
3.455107294592218038e-03 1.128425407869849550e+04
3.590739891061055147e-03 1.162991349148581139e+04
3.731696837732751716e-03 1.198204015687738683e+04
3.878187145610719616e-03 1.234041918482409164e+04
4.030428030568050657e-03 1.270480334387257244e+04
4.188645235435270626e-03 1.307491352284694767e+04
4.353073364731892096e-03 1.345043456258500191e+04
4.523956232538053901e-03 1.383101820107996900e+04
4.701547224022129337e-03 1.421627189249460207e+04
4.886109671160325692e-03 1.460575665404973006e+04
5.077917243205403233e-03 1.499895383807393591e+04
5.277254352483537470e-03 1.539551484494057331e+04
5.484416576121015248e-03 1.579478614880925306e+04
5.699711094326075263e-03 1.619626124976653227e+04
5.923457145875806254e-03 1.659905681519168866e+04
6.155986501483507942e-03 1.700281228495842515e+04
6.397643955748423712e-03 1.740637874135893435e+04
6.648787838417263320e-03 1.780915663035149555e+04
6.909790545715645271e-03 1.821058983401043224e+04
7.181039092537349483e-03 1.860914792726030282e+04
7.462935686310129789e-03 1.900424649712604150e+04
7.755898323389001994e-03 1.939503531590596685e+04
8.060361408861344348e-03 1.978006417673364922e+04
8.376776400682916374e-03 2.015822116724080479e+04
8.705612479099856735e-03 2.052829376284626414e+04
9.047357242349292339e-03 2.088911713992714431e+04
9.402517429670131932e-03 2.123919386051615584e+04
9.771619672696182229e-03 2.157722881960382074e+04
1.015521127634568151e-02 2.190159039155536811e+04
1.055386103036523061e-02 2.221080700341306147e+04
1.096816005273137939e-02 2.250326100758550820e+04
1.139872266616051392e-02 2.277700140203346382e+04
1.184618730902683645e-02 2.303105751605708792e+04
1.231121748203889595e-02 2.326224080990130460e+04
1.279450273207873370e-02 2.347075313352176818e+04
1.329675967466211264e-02 2.365308674818144209e+04
1.381873305653632221e-02 2.380859605868194194e+04
1.436119685999078834e-02 2.393431834943583090e+04
1.492495545051829124e-02 2.402954775822712691e+04
1.551084476952840560e-02 2.409147433700555848e+04
1.611973357388157141e-02 2.411945101603986041e+04
1.675252472408215662e-02 2.411107238855008836e+04
1.741015652304015240e-02 2.406522184187651146e+04
1.809360410738716438e-02 2.398030102533261743e+04
1.880388089340914726e-02 2.385510158341041097e+04
1.954204007974053373e-02 2.368875588116696599e+04
2.030917620904734711e-02 2.348054559933423661e+04
2.110642679101554925e-02 2.323018466173544221e+04
2.193497398905057752e-02 2.293750965631988220e+04
2.279604637318979887e-02 2.260336340561912948e+04
2.369092074182631985e-02 2.222823485385764434e+04
2.462092401494625493e-02 2.181363890984611135e+04
2.558743520168586458e-02 2.136151689549291768e+04
2.659188744512693686e-02 2.087421413276527164e+04
2.763577014736157481e-02 2.035500189472806233e+04
2.872063117797828136e-02 1.980735237118727309e+04
2.984807916924324400e-02 1.923571496005190784e+04
3.101978590138096750e-02 1.864465713179925297e+04
3.223748878149030467e-02 1.803959026716824519e+04
3.350299341977229506e-02 1.742598916655495850e+04
3.481817630688966575e-02 1.681005738987356017e+04
3.618498759642746476e-02 1.619755843400009871e+04
3.760545399658171695e-02 1.559493748399882679e+04
3.908168177536264221e-02 1.500795758950470372e+04
4.061585988376979761e-02 1.444226580254982764e+04
4.221026320156898853e-02 1.390287173423956483e+04
4.386725591048498685e-02 1.339392282877801335e+04
4.558929499981059091e-02 1.291869260246212252e+04
4.737893390963143769e-02 1.247916020384662806e+04
4.923882631706736485e-02 1.207586735408549976e+04
5.117173007114604599e-02 1.170766035193017706e+04
5.318051128214196926e-02 1.137180742905978877e+04
5.526814857144603244e-02 1.106356871013060663e+04
5.743773748826581232e-02 1.077648630842383864e+04
5.969249509970733780e-02 1.050223477434306915e+04
6.203576476104268045e-02 1.023124827232796270e+04
6.447102107323869624e-02 9.953092275022205285e+03
6.700187503509583142e-02 9.657327101446982851e+03
6.963207939763882415e-02 9.334574177148453600e+03
7.236553422869657082e-02 8.977698545025918065e+03
7.520629269592407629e-02 8.583051855789792171e+03
7.815856707684090687e-02 8.151594870029984122e+03
8.122673500479711539e-02 7.689350073479044113e+03
8.441534596012985336e-02 7.207404931704242699e+03
8.772912801613355627e-02 6.720945442333018946e+03
9.117299484984921210e-02 6.247687999465476423e+03
9.475205302806537222e-02 5.805387090142118723e+03
9.847160957933774605e-02 5.409350869739199879e+03
1.023371798632519147e-01 5.070210702167136333e+03
1.063544957486011189e-01 4.791885401836238088e+03
1.105295141126020897e-01 4.570707972978316320e+03
1.148684256737553672e-01 4.395236385392266129e+03
1.193776641714435760e-01 4.247306103813146365e+03
1.240639159058831847e-01 4.104510736030416410e+03
1.289341296525714498e-01 3.944641032535885643e+03
1.339955269659338366e-01 3.751408059608348594e+03
1.392556128874462007e-01 3.519874939289183658e+03
1.447221870741134397e-01 3.258921240490501532e+03
1.504033553638023657e-01 2.988950397088923637e+03
1.563075417945815893e-01 2.735357697638076843e+03
1.624435010958865389e-01 2.519857173114140096e+03
1.688203316700362666e-01 2.353129532869164450e+03
1.754474890833459533e-01 2.231114599970839208e+03
1.823348000868440510e-01 2.136309716833076891e+03
1.894924771873821578e-01 2.045394883964344672e+03
1.969311337907421744e-01 1.935266168782591194e+03
2.046617999391989740e-01 1.798977002199755816e+03
2.126959386668689778e-01 1.648465679191216623e+03
2.210454629971021490e-01 1.505509904269448725e+03
2.297227536071151099e-01 1.387783192084105167e+03
2.387406771860647037e-01 1.299882176120513577e+03
2.481126055137767850e-01 1.230991836393620815e+03
2.578524352884273840e-01 1.162328479035004875e+03
2.679746087325689530e-01 1.081925897310835126e+03
2.784941350080644140e-01 9.930952713246284702e+02
2.894266124716748934e-01 9.101461981311747422e+02
3.007882518043099029e-01 8.434907008340339871e+02
3.125959000482277927e-01 7.899512693446539515e+02
3.248670655878374558e-01 7.386840007903329024e+02
3.376199441111336630e-01 6.830784474021533015e+02
3.508734455902711158e-01 6.273919252784397713e+02
3.646472223212745001e-01 5.788708394922690559e+02
3.789616980644716082e-01 5.381502999565207119e+02
3.938380983288489179e-01 4.995145006498761973e+02
4.092984818452438112e-01 4.603966538746053629e+02
4.253657732750387166e-01 4.238039519561186808e+02
4.420637972028529927e-01 3.917936881877029123e+02
4.594173134636476141e-01 3.623430967993675154e+02
4.774520538566126571e-01 3.337932468926723004e+02
4.961947603002903051e-01 3.073377122025028712e+02
5.156732244854963509e-01 2.835015963076371577e+02
5.359163290848514283e-01 2.612047567520428970e+02
5.569540905800129948e-01 2.402975770367206394e+02
5.788177037701274230e-01 2.211955027915008714e+02
6.015395880274833074e-01 2.035229681408375200e+02
6.251534353689711665e-01 1.870808447982270479e+02
6.496942604146117572e-01 1.719707108366433488e+02
6.751984523072501743e-01 1.580091440764362289e+02
7.017038286703822791e-01 1.451072116551314082e+02
7.292496916841444410e-01 1.332273715586456149e+02
7.578768863625922059e-01 1.222664538436526414e+02
7.876278611187055301e-01 1.121678265731797808e+02
8.185467307069020926e-01 1.028668138811583361e+02
8.506793416364153426e-01 9.430177635754505161e+01
8.840733401525062707e-01 8.642014436760268836e+01
9.187782428863330297e-01 7.917153932110171866e+01
9.548455102782293924e-01 7.250649155647369071e+01
9.923286228832545186e-01 6.638090481346505101e+01
1.031283160672184840e+00 6.075378214975257407e+01
1.071766885445503359e+00 5.558557026549109281e+01
1.113839826482618367e+00 5.084092450253547213e+01
1.157564369553303552e+00 4.648712131385159552e+01
1.203005349423324155e+00 4.249391547672180991e+01
1.250230145991455988e+00 3.883267646872380396e+01
1.299308784200414513e+00 3.547631624633854130e+01
1.350314037869872141e+00 3.240039399440096446e+01
1.403321537605484615e+00 2.958319342125609097e+01
1.458409882943986435e+00 2.700360465360682483e+01
1.515660758900601257e+00 2.464246792764857119e+01
1.575159057091621184e+00 2.248143138599628443e+01
1.636993001611701803e+00 2.050491275079073006e+01
1.701254279852589146e+00 1.869738298446485913e+01
1.768038178457205012e+00 1.704476055141363844e+01
1.837443724610724916e+00 1.553438927515571777e+01
1.909573832878096677e+00 1.415451274533628556e+01
1.984535457805803205e+00 1.289407305478765764e+01
2.062439752514092728e+00 1.174306013218636302e+01
2.143402233514854593e+00 1.069240677107386617e+01
2.227542951999556209e+00 9.733565003756435630e+00
2.314986671851161137e+00 8.858658273082408385e+00
2.405863054644066690e+00 8.060648298222231389e+00
2.500306851906321182e+00 7.332990473225748040e+00
2.598458104929247003e+00 6.669530457733999107e+00
2.700462352420681889e+00 6.064884694941715892e+00
2.806470846309838674e+00 5.513883636483237538e+00
2.916640776023700976e+00 5.011956689780554974e+00
3.031135501567576274e+00 4.554807590473369139e+00
3.150124795755327778e+00 4.138533460701388833e+00
3.273785095948577251e+00 3.759587639255055347e+00
3.402299765678064247e+00 3.414687237982489521e+00
3.535859366535175852e+00 3.100852920502235044e+00
3.674661940736688059e+00 2.815348243269111705e+00
3.818913304781854201e+00 2.555665912535181938e+00
3.968827354637157967e+00 2.319518414590709288e+00
4.124626382901348087e+00 2.104826570555444754e+00
4.286541408420925237e+00 1.909670923242721585e+00
4.454812518844988745e+00 1.732318729938574275e+00
4.629689226627268006e+00 1.571175680073414238e+00
4.811430839003254967e+00 1.424786604294251413e+00
5.000306842491089476e+00 1.291826344223070189e+00
5.196597302486197556e+00 1.171087402675632605e+00
5.400593278542373810e+00 1.061462860000414787e+00
5.612597255954965725e+00 9.619510037217898768e-01
5.832923594286199886e+00 8.716373155244337978e-01
6.061898993497572441e+00 7.896820529499833929e-01
6.299862978380692979e+00 7.153284384712551569e-01
6.547168402004729160e+00 6.478784506177651670e-01
6.804181968927093926e+00 5.867036710259787569e-01
7.071284778942995786e+00 5.312310290536691459e-01
7.348872892180388305e+00 4.809348855872666029e-01
7.637357916378011424e+00 4.353397889663240261e-01
7.937167617217542492e+00 3.940139448078253115e-01
8.248746552614580452e+00 3.565641253077820871e-01
8.572556731909324768e+00 3.226298767325490036e-01
8.909078300934124783e+00 2.918870759513855218e-01
9.258810253973944526e+00 2.640399598268232118e-01
9.622271173675134293e+00 2.388187301138047502e-01
1.000000000000000000e+01 2.159795862965544211e-01
