# k[h/Mpc]    Pk[Mpc^3/h^3] (CDM+baryons, z=0, sum m_nu = 0.4 eV)
1.000000000000000021e-03 7.534332915864139977e+03
1.018187564768609742e-03 7.659148567398448904e+03
1.036705917049433314e-03 7.785831733213496591e+03
1.055561073061771910e-03 7.914401918855756776e+03
1.074759158445306138e-03 8.044878457094983787e+03
1.094306410250187739e-03 8.177280486914931316e+03
1.114209178963318243e-03 8.311626931586060891e+03
1.134473930571494203e-03 8.447936475773562051e+03
1.155107248662062781e-03 8.586227541727530479e+03
1.176115836561794593e-03 8.726518264552483743e+03
1.197506519514651225e-03 8.868826466594175145e+03
1.219286246899156483e-03 9.013169630970023718e+03
1.241462094486111460e-03 9.159564874274707108e+03
1.264041266737351643e-03 9.308028918463685841e+03
1.287031099146334267e-03 9.458578061937741950e+03
1.310439060621274542e-03 9.611228149816046425e+03
1.334272755911640202e-03 9.765994543354210691e+03
1.358539928078774826e-03 9.922892088422551751e+03
1.383248461011451569e-03 1.008193508302940245e+04
1.408406381987178718e-03 1.024313724371591707e+04
1.434021864280093841e-03 1.040651167075951707e+04
1.460103229816292220e-03 1.057207081203915914e+04
1.486658951877432421e-03 1.073982642549788579e+04
1.513697657853538617e-03 1.090978954009636072e+04
1.541228132045842749e-03 1.108197041524233646e+04
1.569259318520629942e-03 1.125637849872826337e+04
1.597800324014970368e-03 1.143302238315044269e+04
1.626860420895298153e-03 1.161190976103401772e+04
1.656449050169820931e-03 1.179304737873500017e+04
1.686575824555687020e-03 1.197644098925199614e+04
1.717250531601966683e-03 1.216209530413597895e+04
1.748483136869409147e-03 1.235001394456563503e+04
1.780283787168043547e-03 1.254563364354890291e+04
1.812662813853668309e-03 1.273825922728631849e+04
1.845630736184284554e-03 1.293315782972592933e+04
1.879198264737575287e-03 1.313032830876912885e+04
1.913376304890549058e-03 1.332976817345786003e+04
1.948175960362471312e-03 1.353147352805569244e+04
1.983608536822212103e-03 1.373543901448706856e+04
2.019685545561236174e-03 1.394165775296350512e+04
2.056418707233356041e-03 1.415012128096564629e+04
2.093819955662543694e-03 1.436081949104576961e+04
2.131901441719966008e-03 1.457374056752524848e+04
2.170675537271540573e-03 1.478887092262549413e+04
2.210154839197306029e-03 1.500619513221643138e+04
2.250352173483863728e-03 1.522569587159527873e+04
2.291280599391285443e-03 1.544735385082218090e+04
2.332953413695776444e-03 1.567114774970091639e+04
2.375384155009517724e-03 1.589705415184268531e+04
2.418586608179082963e-03 1.612504747751524883e+04
2.462574808763834909e-03 1.635509991511990302e+04
2.507363047595776578e-03 1.658718135142287065e+04
2.552965875422343912e-03 1.682125930074520511e+04
2.599398107633640875e-03 1.705729883428644098e+04
2.646674829075629665e-03 1.729526250958950914e+04
2.694811398950894971e-03 1.753511030136252884e+04
2.743823455808502322e-03 1.777679953336320978e+04
2.793726922624650572e-03 1.802028481101351281e+04
2.844538011975697965e-03 1.826551795458693960e+04
2.896273231305278740e-03 1.851244793164351358e+04
2.948949388287237620e-03 1.876102078949961651e+04
3.002583596286064003e-03 1.901117958700003874e+04
3.057193279916685467e-03 1.926286432736730785e+04
3.112796180705332347e-03 1.951601189307597451e+04
3.169410362853391540e-03 1.978531832897977074e+04
3.227054219106090943e-03 2.004163604735681656e+04
3.285746476727902359e-03 2.029921933825961241e+04
3.345506203586625683e-03 2.055799216935571530e+04
3.406352814348144117e-03 2.081787509038801363e+04
3.468306076783840564e-03 2.107878517760817340e+04
3.531386118192709599e-03 2.134063598015428579e+04
3.595613431940313052e-03 2.160333747040762319e+04
3.661008884116610969e-03 2.186679599868433070e+04
3.727593720314937870e-03 2.213091425246118888e+04
3.795389572534233272e-03 2.239559121808988493e+04
3.864418466206806339e-03 2.266072214403186445e+04
3.934702827353957905e-03 2.292619850535256774e+04
4.006265489871690261e-03 2.319190797105117599e+04
4.079129702948982791e-03 2.345773437678373011e+04
4.153319138620932376e-03 2.372355770305108672e+04
4.228857899459306444e-03 2.398925405865926950e+04
4.305770526402970255e-03 2.425469566554815174e+04
4.384082006730700282e-03 2.451975084579628674e+04
4.463817782179017001e-03 2.478428401024355844e+04
4.545003757207669547e-03 2.504815565285320554e+04
4.627666307415464510e-03 2.531122235166674363e+04
4.711832288109096475e-03 2.557333677396013809e+04
4.797529043027912860e-03 2.583434768321117008e+04
4.884784413227269764e-03 2.609409994642837046e+04
4.973626746123536307e-03 2.635243454515834310e+04
5.064084904703553339e-03 2.660918859246502325e+04
5.156188276901588381e-03 2.686419535584328696e+04
5.249966785146888484e-03 2.711728428155592701e+04
5.345450896084798231e-03 2.736828101849797167e+04
5.442671630474769234e-03 2.761700744442511495e+04
5.541660573268309894e-03 2.786328169894808161e+04
5.642449883870279820e-03 2.813474323774796721e+04
5.745072306586805795e-03 2.837632217374501852e+04
5.849561181263205484e-03 2.861489654616355256e+04
5.955950454115382237e-03 2.885026985742283796e+04
6.064274688758236782e-03 2.908224205421711304e+04
6.174569077434674536e-03 2.931060958124582248e+04
6.286869452448773377e-03 2.953516543496485610e+04
6.401212297806987278e-03 2.975569922192600643e+04
6.517634761070973184e-03 2.997199722769922300e+04
6.636174665426094327e-03 3.018384249352291226e+04
6.756870521969346975e-03 3.039101489644997491e+04
6.879761542220774219e-03 3.059329123738887574e+04
7.004887650862513630e-03 3.079044534298528015e+04
7.132289498709410563e-03 3.098224817807843647e+04
7.262008475915670939e-03 3.116846796677756356e+04
7.394086725421589353e-03 3.134887032993326648e+04
7.528567156644912217e-03 3.152321844145046634e+04
7.665493459421220471e-03 3.169127319747344882e+04
7.804910118197807417e-03 3.185279340232660616e+04
7.946862426485715516e-03 3.200753598028245324e+04
8.091396501574657507e-03 3.215525620839164185e+04
8.238559299515557655e-03 3.229570796757930293e+04
8.388398630375531323e-03 3.242864402225247977e+04
8.540963173770411629e-03 3.255381632804504261e+04
8.696302494679673464e-03 3.267097636190070625e+04
8.854467059549082225e-03 3.277987548245437210e+04
9.015508252686163862e-03 3.288026532178402704e+04
9.179478392953828794e-03 3.297189820358798897e+04
9.346430750767740700e-03 3.305452759480989334e+04
9.516419565402656905e-03 3.312790858907285292e+04
9.689500062613693940e-03 3.319179842061282397e+04
9.865728472577939279e-03 3.324595701551264938e+04
1.004516204816246865e-02 3.332047306122952432e+04
1.022785908352460450e-02 3.335512523549245816e+04
1.041387893305043347e-02 3.337935110554940184e+04
1.060328203063776696e-02 3.339292691865593952e+04
1.079612990932982824e-02 3.339563491472281748e+04
1.099248522130608953e-02 3.338726413339268038e+04
1.119241175823658743e-02 3.336761127895291429e+04
1.139597447200647699e-02 3.333648165012751269e+04
1.160323949581751855e-02 3.329369013390461623e+04
1.181427416567339302e-02 3.323906227325296641e+04
1.202914704225570286e-02 3.317243540610656783e+04
1.224792793319786667e-02 3.309365988327778905e+04
1.247068791576416875e-02 3.300260035755632271e+04
1.269749935994124966e-02 3.289913714203940617e+04
1.292843595194958194e-02 3.278316762872969412e+04
1.316357271818250491e-02 3.265460775494974223e+04
1.340298604958075311e-02 3.251339349880585723e+04
1.364675372645027945e-02 3.235948238663643860e+04
1.389495494373137359e-02 3.219285498607629052e+04
1.414767033672742653e-02 3.201351636264034460e+04
1.440498200730159703e-02 3.182149747475351251e+04
1.466697355055005328e-02 3.161685648575934101e+04
1.493373008196017919e-02 3.139967997508262488e+04
1.520533826506278129e-02 3.117008403715001987e+04
1.548188633958723359e-02 3.092821526484474452e+04
1.576346415012873023e-02 3.067425162131527031e+04
1.605016317533687273e-02 3.040840321245326049e+04
1.634207655763507752e-02 3.013091297425729135e+04
1.663929913348064643e-02 2.984205729748930753e+04
1.694192746417510012e-02 2.954214660787918547e+04
1.725005986723490009e-02 2.923152591486584424e+04
1.756379644833265183e-02 2.891057533356199929e+04
1.788323913381938135e-02 2.859921625443349694e+04
1.820849170383825877e-02 2.825908630532646202e+04
1.853965982604053112e-02 2.790997390291744159e+04
1.887685108991466604e-02 2.755240344817936420e+04
1.922017504173989186e-02 2.718693584551051754e+04
1.956974322017555543e-02 2.681416816239934633e+04
1.992566919249757346e-02 2.643473292924482666e+04
2.028806859149403716e-02 2.604929702106274635e+04
2.065705915303183565e-02 2.565856007857436998e+04
2.103276075430660433e-02 2.526325244895863943e+04
2.141529545278825566e-02 2.486413265160093579e+04
2.180478752587478031e-02 2.446198439335311559e+04
2.220136351126740168e-02 2.405761317829768450e+04
2.260515224808002863e-02 2.365184256391311283e+04
2.301628491869629409e-02 2.324551011180040950e+04
2.343489509138788410e-02 2.283946307398096542e+04
2.386111876370808002e-02 2.243455383422196610e+04
2.429509440667451323e-02 2.203163511073989866e+04
2.473696300975541940e-02 2.163155491660836924e+04
2.518686812667407862e-02 2.123515127418488191e+04
2.564495592204639809e-02 2.084324669856160108e+04
2.611137521886676416e-02 2.045664247786026681e+04
2.658627754685740502e-02 2.007611280137335780e+04
2.706981719169713682e-02 1.970239878426803261e+04
2.756215124514555664e-02 1.933620242422931915e+04
2.806343965607886390e-02 1.897818049587633868e+04
2.857384528245380043e-02 1.862893835686871171e+04
2.909353394421669570e-02 1.828902362987213564e+04
2.962267447717488456e-02 1.795891974172957634e+04
3.016143878784794882e-02 1.763903935626570819e+04
3.071000190931642837e-02 1.732971780623637460e+04
3.126854205808628218e-02 1.703120669286208067e+04
3.183724069198772683e-02 1.675756817604575554e+04
3.241628256912707645e-02 1.648118167986939079e+04
3.300585580791066953e-02 1.621580615199358908e+04
3.360615194816048146e-02 1.596130344693430743e+04
3.421736601334138955e-02 1.571742684477595139e+04
3.483969657392026881e-02 1.548381764921930517e+04
3.547334581187719382e-02 1.526000230165310313e+04
3.611851958639003546e-02 1.504539023615977385e+04
3.677542750071381011e-02 1.483927288160252283e+04
3.744428297027636160e-02 1.464082431993857608e+04
3.812530329201245516e-02 1.444910408304114026e+04
3.881870971495886280e-02 1.426306243121812804e+04
3.952472751213354646e-02 1.408154828804927274e+04
4.024358605372212877e-02 1.390331993223266545e+04
4.097551888159536165e-02 1.372705858826806980e+04
4.172076378518181639e-02 1.355138515072945847e+04
4.247956287872068498e-02 1.337488029306386488e+04
4.325216267991965208e-02 1.319610808166987226e+04
4.403881419004318509e-02 1.301364302577140552e+04
4.483977297545742313e-02 1.282610033480847414e+04
4.565529925065830996e-02 1.263216908244478873e+04
4.648565796280992174e-02 1.243064786204328630e+04
4.733111887782002342e-02 1.222048223382651122e+04
4.819195666798119226e-02 1.200080278330457440e+04
4.906845100120613840e-02 1.177096209864563934e+04
4.996088663188593543e-02 1.153056875445568949e+04
5.086955349340058913e-02 1.127951656485450621e+04
5.179474679231212131e-02 1.101800777770747845e+04
5.273676710427104702e-02 1.074656899446494754e+04
5.369592047166707460e-02 1.046605830363829955e+04
5.467251850305569760e-02 1.017766181254133699e+04
5.566687847439309722e-02 9.882878171989144903e+03
5.667932343211246060e-02 9.589488781933472637e+03
5.771018229807498706e-02 9.287477695941603088e+03
5.875978997642956891e-02 8.985109012065751813e+03
5.982848746241585525e-02 8.684741823973447026e+03
6.091662195314651029e-02 8.388802516759471473e+03
6.202454696040428372e-02 8.099711873517167078e+03
6.315262242549037064e-02 7.819809610937417347e+03
6.430121483616160760e-02 7.551279016479430538e+03
6.547069734569460620e-02 7.296074445861033382e+03
6.666144989411547372e-02 7.055854610178096664e+03
6.787385933163421481e-02 6.831923917294132480e+03
6.910831954432389290e-02 6.625182725403156837e+03
7.036523158208606021e-02 6.436086861273288378e+03
7.164500378894349264e-02 6.264617638459754744e+03
7.294805193570227941e-02 6.110264122386059171e+03
7.427479935502684372e-02 5.972018686762120524e+03
7.562567707897190072e-02 5.848386534128677340e+03
7.700112397901567873e-02 5.737411109589691478e+03
7.840158690863985314e-02 5.636718992866562076e+03
7.982752084850261443e-02 5.543587966210289778e+03
8.127938905425231841e-02 5.455040827227638147e+03
8.275766320702956924e-02 5.367965804028276580e+03
8.426282356670630747e-02 5.279261796369581134e+03
8.579535912791180774e-02 5.186003741161509424e+03
8.735576777889685063e-02 5.085620068520643144e+03
8.894455646328716658e-02 4.976069505280739577e+03
9.056224134477856846e-02 4.856000820929018118e+03
9.220934797482731315e-02 4.724878155070719913e+03
9.388641146339077315e-02 4.583054346660946976e+03
9.559397665277352685e-02 4.431777369590859053e+03
9.733259829463493384e-02 4.273122555839339839e+03
9.910284123021580183e-02 4.109851451666464527e+03
1.009052805738435976e-01 3.948231814860984286e+03
1.027405018997751274e-01 3.785639694708487696e+03
1.046091014324369156e-01 3.628595601065208484e+03
1.065116862401255110e-01 3.480242818937897482e+03
1.084488744322316400e-01 3.343182617149981979e+03
1.104212953600507002e-01 3.219280566709379855e+03
1.124295898212454986e-01 3.109530401234869259e+03
1.144744102680277792e-01 3.013980935006757136e+03
1.165564210191259581e-01 2.931727951204894453e+03
1.186762984756086631e-01 2.860972996285980116e+03
1.208347313406328283e-01 2.799152627811587536e+03
1.230324208431882588e-01 2.743140034133884001e+03
1.252700809659126058e-01 2.689516075946243745e+03
1.275484386770491252e-01 2.634898426744648532e+03
1.298682341666231310e-01 2.576303247263817866e+03
1.322302210869137629e-01 2.511495599021996441e+03
1.346351667972995880e-01 2.439272467458498340e+03
1.370838526135580993e-01 2.359625374189746253e+03
1.395770740616979200e-01 2.273740438094364890e+03
1.421156411364082051e-01 2.183821164880605465e+03
1.447003785642091422e-01 2.092757659565595986e+03
1.473321260713880698e-01 2.003695590940531019e+03
1.500117386568085298e-01 1.919576119001691495e+03
1.527400868696812131e-01 1.842722804667985429e+03
1.555180570923866412e-01 1.774534001048050868e+03
1.583465518284427609e-01 1.715316365860514452e+03
1.612264899957088216e-01 1.664275053481236910e+03
1.641588072249215158e-01 1.619659630999876072e+03
1.671444561636625248e-01 1.579053199126150503e+03
1.701844067858531984e-01 1.539776778246545973e+03
1.732796467068784818e-01 1.499355523325191825e+03
1.764311815044418974e-01 1.455967302321471379e+03
1.796400350452563022e-01 1.409747764510577781e+03
1.829072498176772532e-01 1.359026015632508006e+03
1.862338872703847847e-01 1.306067380864768893e+03
1.896210281572250356e-01 1.252820345627135794e+03
1.930697728883249698e-01 1.201413883948255261e+03
1.965812418875921563e-01 1.153658977306392899e+03
2.001565759567166536e-01 1.110653303517158065e+03
2.037969366457929032e-01 1.072573462668097363e+03
2.075035066306825382e-01 1.038692937577330440e+03
2.112774900972417269e-01 1.007614266563496244e+03
2.151201131325349014e-01 9.776610921728221228e+02
2.190326241231637383e-01 9.473351464197760379e+02
2.230162941608423433e-01 9.157144882745692485e+02
2.270724174553480079e-01 8.826706070295581412e+02
2.312023117549821538e-01 8.488327275582762468e+02
2.354073187746784923e-01 8.153129696568305462e+02
2.396888046318977339e-01 7.832936770247757750e+02
2.440481602904510661e-01 7.536255074299310763e+02
2.484868020123940369e-01 7.265714122936045669e+02
2.530061718181393915e-01 7.017728403905614414e+02
2.576077379549398527e-01 6.784357489593686523e+02
2.622929953738903364e-01 6.556595589945177380e+02
2.670634662156058936e-01 6.327815545376787441e+02
2.719207003047320326e-01 6.096004196063815925e+02
2.768662756534500669e-01 5.863910748554433212e+02
2.819017989741410268e-01 5.637162862443827862e+02
2.870289062013711701e-01 5.421334463861301174e+02
2.922492630233721189e-01 5.219384078944675593e+02
2.975645654231881543e-01 5.030598105942676739e+02
3.029765402296656363e-01 4.851383870932371565e+02
3.084869456784622432e-01 4.677352824622026901e+02
3.140975719832603263e-01 4.505541659087754169e+02
3.198102419173689537e-01 4.337937256414701892e+02
3.256268114059058805e-01 4.171767943775548702e+02
3.315491701287471282e-01 4.012003302419324768e+02
3.375792421344427918e-01 3.860250355769510975e+02
3.437189864653012461e-01 3.716261240593563002e+02
3.499703977938398158e-01 3.578337193588191667e+02
3.563355070708116856e-01 3.444559025611125094e+02
3.628163821850179938e-01 3.313948178431899123e+02
3.694151286351207153e-01 3.186806518518677080e+02
3.761338902136762696e-01 3.064132410944662865e+02
3.829748497036071786e-01 2.946668243538415481e+02
3.899402295873404811e-01 2.834324377204266057e+02
3.970322927688468284e-01 2.726334326939436323e+02
4.042533433088099093e-01 2.621891555967059730e+02
4.116057271731662914e-01 2.520682275329194511e+02
4.190918329952595389e-01 2.422908637405391801e+02
4.267140928518562415e-01 2.328885472706873259e+02
4.344749830532779744e-01 2.238640916778305154e+02
4.423770249479007100e-01 2.151865676962934799e+02
4.504227857412859137e-01 2.068179247963432488e+02
4.586148793302132209e-01 1.987395546978841310e+02
4.669559671518796473e-01 1.909539414296515361e+02
4.754487590485438342e-01 1.834658082328012654e+02
4.840960141478949375e-01 1.762666844863170184e+02
4.929005417594355953e-01 1.693376104303650891e+02
5.018652022871682439e-01 1.626622718657577025e+02
5.109929081588781008e-01 1.562336173933383066e+02
5.202866247723185733e-01 1.500485611490722420e+02
5.297493714586064550e-01 1.441002262877192948e+02
5.393842224631402171e-01 1.383774761981804318e+02
5.491943079443554199e-01 1.328699777561242286e+02
5.591828149906458156e-01 1.275709082980429372e+02
5.693529886557817665e-01 1.225564825051939124e+02
5.797081330131603760e-01 1.176549199114990927e+02
5.902516122292277290e-01 1.129408033397853899e+02
6.009868516564238483e-01 1.084061396218330771e+02
6.119173389460079715e-01 1.040470430364366621e+02
6.230466251811238587e-01 9.985561971055648200e+01
6.343783260304699523e-01 9.582634441721977225e+01
6.459161229229520851e-01 9.195295642731358043e+01
6.576637642437026532e-01 8.823020843219661913e+01
6.696250665518527212e-01 8.465111250536109821e+01
6.818039158204499683e-01 8.121322443808681157e+01
6.942042686989269296e-01 7.790814082276348529e+01
7.068301537985340888e-01 7.473321138859569146e+01
7.196856730011513825e-01 7.168260223813463483e+01
7.327750027919011089e-01 6.875144027263610269e+01
7.461023956159978932e-01 6.593665196471306444e+01
7.596721812602788004e-01 6.323184296627906775e+01
7.734887682598612368e-01 6.063459304972334252e+01
7.875566453303805003e-01 5.814040909544927160e+01
8.018803828262767164e-01 5.574435061875486497e+01
8.164646342256073330e-01 5.344454011900768364e+01
8.313141376418649031e-01 5.123576708546318770e+01
8.464337173632882072e-01 4.911527785848301164e+01
8.618282854201690935e-01 4.707961673249398160e+01
8.775028431806684015e-01 4.512556322001145759e+01
8.934624829756561137e-01 4.324988230210419005e+01
9.097123897530997594e-01 4.144939976006341453e+01
9.262578427625420829e-01 3.972185354659497847e+01
9.431042172702186477e-01 3.806381229334112248e+01
9.602569863053698196e-01 3.647248796643645363e+01
9.777217224383097927e-01 3.494616624642139158e+01
9.955040995908344126e-01 3.348129838280234338e+01
1.013609894879559326e+00 3.209321096592636025e+01
1.032044990492785086e+00 3.074458927135975372e+01
1.050815375601493074e+00 2.945138519126155430e+01
1.069927148305097386e+00 2.821102105383247860e+01
1.089386517612590310e+00 2.702094623537869822e+01
1.109199805459719634e+00 2.588009277272259823e+01
1.129373448762849064e+00 2.478573182014907417e+01
1.149914001510172756e+00 2.373646701398671155e+01
1.170828136890970317e+00 2.273026367517359603e+01
1.192122649463585704e+00 2.176559320491457328e+01
1.213804457362832601e+00 2.084074830439264758e+01
1.235880604547547668e+00 1.995420805898434935e+01
1.258358263089024875e+00 1.910402703465754115e+01
1.281244735501072096e+00 1.828952039824975273e+01
1.304547457112439357e+00 1.750853213455196666e+01
1.328273998482398577e+00 1.676024258073346473e+01
1.352432067860257492e+00 1.604287076613639229e+01
1.377029513689611129e+00 1.535558421141670848e+01
1.402074327158129519e+00 1.469688394815109511e+01
1.427574644793724534e+00 1.406578606540960408e+01
1.453538751107935623e+00 1.346109460596637675e+01
1.479975081287395522e+00 1.288184662930883029e+01
1.506892223934240160e+00 1.232673406637599278e+01
1.534298923856360242e+00 1.179515882094779577e+01
1.562204084908406010e+00 1.128578789531778348e+01
1.590616772884464680e+00 1.079799455701442312e+01
1.619546218463339793e+00 1.033073733468800626e+01
1.649001820207400604e+00 9.883233447196952071e+00
1.678993147615978287e+00 9.454680229773535061e+00
1.709529944234295940e+00 9.044300965019210992e+00
1.740622130818936908e+00 8.651260640596134976e+00
1.772279808560883740e+00 8.275016318963713147e+00
1.804513262367184456e+00 7.919895063836433380e+00
1.837332964202303076e+00 7.574843489945185304e+00
1.870749576490236210e+00 7.244471836451233493e+00
1.904773955578503708e+00 6.928266205428656122e+00
1.939417155265148907e+00 6.625551230538898828e+00
1.974690430389886897e+00 6.335743385411460871e+00
2.010605240490558998e+00 6.058414661008540314e+00
2.047173253526089809e+00 5.792903084011329362e+00
2.084406349667160985e+00 5.538834015114903586e+00
2.122316625155834302e+00 5.295641843395651804e+00
2.160916396235355474e+00 5.062949990163038372e+00
2.200218203151439234e+00 4.840259448842742174e+00
2.240234814226330418e+00 4.627162314445318891e+00
2.280979230006966674e+00 4.423296274200255951e+00
2.322464687488574597e+00 4.228212534363323449e+00
2.364704664415084867e+00 4.041540901787721296e+00
2.407712883657767922e+00 3.863050771994105403e+00
2.451503317673509930e+00 3.692153111633531548e+00
2.496090193044161243e+00 3.528795317488952143e+00
2.541487995098446362e+00 3.372485379065389921e+00
2.587711472617943986e+00 3.222937181586497779e+00
2.634775642628657710e+00 3.079964948391952007e+00
2.682695795279724571e+00 2.943162154565337030e+00
2.731487498810854397e+00 2.812360271479298124e+00
2.781166604610125326e+00 2.687256678807107946e+00
2.831749252363766622e+00 2.567623648993740737e+00
2.883251875299598144e+00 2.453208043047289788e+00
2.935691205525828185e+00 2.343842094822759847e+00
2.989084279466967864e+00 2.239217454836512911e+00
3.043448443398606873e+00 2.139212997248181036e+00
3.098801359082846485e+00 2.043589266440086316e+00
3.155161009506225689e+00 1.952177461277029957e+00
3.212545704722012285e+00 1.865827420552031768e+00
3.270974087798763641e+00 1.782286332466344048e+00
3.330465140877051589e+00 1.702367774184861515e+00
3.391038191336353425e+00 1.626028949604874541e+00
3.452712918074113180e+00 1.553030026027204080e+00
3.515509357899001763e+00 1.483261358883141590e+00
3.579447912040447655e+00 1.416594319443154282e+00
3.644549352776552009e+00 1.352849176583102775e+00
3.710834830182570876e+00 1.291948009208988557e+00
3.778325879002129462e+00 1.233746192747964932e+00
3.847044425643399546e+00 1.178113679864814634e+00
3.917012795302512451e+00 1.124945127757025265e+00
3.988253719216550586e+00 1.074172329546715821e+00
4.060790342048449908e+00 1.025624311448883441e+00
4.134646229406206075e+00 9.792695854666159105e-01
4.209845375498824538e+00 9.349420045918269695e-01
4.286412210931541900e+00 8.926161893798347791e-01
4.364371610642819199e+00 8.521794427422983986e-01
4.443748901985673072e+00 8.135412737180374165e-01
4.524569872955980898e+00 7.766307974986372820e-01
4.606860780570467995e+00 7.413705603083388107e-01
4.690648359397061817e+00 7.076930777737384659e-01
4.775959830240374515e+00 6.755284777913193039e-01
4.862822908985155124e+00 6.447911243825673600e-01
4.951265815600602416e+00 6.154444517957546879e-01
5.041317283308441866e+00 5.874098903055280374e-01
5.133006567917732355e+00 5.606356186084023863e-01
5.226363457329440187e+00 5.350720432513734748e-01
5.321418281213916579e+00 5.106559981378623325e-01
5.418201920864357923e+00 4.873311785174244126e-01
5.516745819229490699e+00 4.650691035156090947e-01
5.617081991128690888e+00 4.438060427597829705e-01
5.719243033652936070e+00 4.237114545678344335e-01
5.823262136754919993e+00 4.043150874416006624e-01
5.929173094031749081e+00 3.858167360483431008e-01
6.037010313703755848e+00 3.681331713028914709e-01
6.146808829793008577e+00 3.512447746003304339e-01
6.258604313505131245e+00 3.351452543654896976e-01
6.372433084818113436e+00 3.197613335382957223e-01
6.488332124281882329e+00 3.050705189630059655e-01
6.606339085032510106e+00 2.910549983856899892e-01
6.726492305024939000e+00 2.776698292140046265e-01
6.848830819488142652e+00 2.649038789635831947e-01
6.973394373606841334e+00 2.527020734628253051e-01
7.100223435433875352e+00 2.410686020559405229e-01
7.229359209037430567e+00 2.299576737603160059e-01
7.360843647887351793e+00 2.193532864925451242e-01
7.494719468484920988e+00 2.092346233939934019e-01
7.631030164240551805e+00 1.995795460447715719e-01
7.769820019603892014e+00 1.903586903541894526e-01
7.911134124450888372e+00 1.815635567239309300e-01
8.055018388732506196e+00 1.731706338226838560e-01
8.201519557389921999e+00 1.651595523729798565e-01
8.350685225540971146e+00 1.575152865424304938e-01
8.502563853942779915e+00 1.502217398079357114e-01
8.657204784735615277e+00 1.432597290648251476e-01
8.814658257473112712e+00 1.366202090130393954e-01
8.974975425444066346e+00 1.302843961622995594e-01
9.138208372291021675e+00 1.242380900813959271e-01
9.304410128931126067e+00 1.184696897792293369e-01
9.473634690784770385e+00 1.129680687742460887e-01
9.645937035317567521e+00 1.077159355665769369e-01
9.821373139901348637e+00 1.027083621938524316e-01
1.000000000000000000e+01 9.793001782487528728e-02
