# k[h/Mpc]    Pk[Mpc^3/h^3] (CDM+baryons, z=0, sum m_nu = 0.3 eV)
1.000000000000000048e-04 4.456222313634056036e+02
1.018192851288654056e-04 4.534145536047005294e+02
1.036716682415320324e-04 4.613430153229613779e+02
1.055577514846969182e-04 4.694099891946077037e+02
1.074781479598227148e-04 4.776178885701323793e+02
1.094334819224358437e-04 4.859691672307775434e+02
1.114243889850503427e-04 4.944663211913353393e+02
1.134515163237845173e-04 5.031118896600201538e+02
1.155155228887354377e-04 5.119084557794919874e+02
1.176170796181814416e-04 5.208586473804458592e+02
1.197568696566808123e-04 5.299651377479721077e+02
1.219355885771395451e-04 5.392306464009199090e+02
1.241539446069180779e-04 5.486579398844496609e+02
1.264126588580515400e-04 5.582498325760279840e+02
1.287124655616594384e-04 5.680091875050604813e+02
1.310541123066188615e-04 5.779389171864171431e+02
1.334383602825797493e-04 5.880419844372797797e+02
1.358659845274025704e-04 5.983214016546074845e+02
1.383377741790963323e-04 6.087802307921331249e+02
1.408545327323400568e-04 6.194215862849495124e+02
1.434170782996723684e-04 6.302486361237102983e+02
1.460262438774317321e-04 6.412646027628545653e+02
1.486828776165345905e-04 6.524727640439750758e+02
1.513878430981813628e-04 6.638764541345340149e+02
1.541420196145766618e-04 6.754790644821803198e+02
1.569463024547576211e-04 6.872840447849375778e+02
1.598016031956211612e-04 6.992949039775010078e+02
1.627088499982476107e-04 7.115152112339111454e+02
1.656689879096138421e-04 7.239485969868844677e+02
1.686829791697952625e-04 7.365987537018996818e+02
1.717518035247584925e-04 7.494694329182435695e+02
1.748764585448427458e-04 7.625644468003339398e+02
1.780579599490355648e-04 7.758876723471221339e+02
1.812973419351494885e-04 7.894430525668074097e+02
1.845956575160039546e-04 8.032345975757907581e+02
1.879539788617241337e-04 8.172663857153695517e+02
1.913733976482663102e-04 8.315425646864199507e+02
1.948550254122856829e-04 8.460673527023518545e+02
1.983999939124585297e-04 8.608450396606322101e+02
2.020094554973777819e-04 8.758799883331296314e+02
2.056845834801435461e-04 8.911766355756114990e+02
2.094265725197667807e-04 9.067394935566400136e+02
2.132366390095114320e-04 9.225731496768966053e+02
2.171160214723039149e-04 9.386822594731991103e+02
2.210659809633339990e-04 9.550715526080979316e+02
2.250878014799803737e-04 9.717458380598027361e+02
2.291827903791957422e-04 9.887100054214581633e+02
2.333522788024834985e-04 1.005969026204002375e+03
2.375976221086056330e-04 1.023527955159015619e+03
2.419202003141653350e-04 1.041391931621727736e+03
2.463214185422023359e-04 1.059566180874556721e+03
2.508027074789512386e-04 1.078056015531408775e+03
2.553655238389076002e-04 1.096866836943070211e+03
2.600113508383580818e-04 1.116004136623934073e+03
2.647416986775227160e-04 1.135473497700116923e+03
2.695581050314685314e-04 1.155280591260939673e+03
2.744621355499574371e-04 1.175431164202634136e+03
2.794553843663845458e-04 1.195931053717693203e+03
2.845394746159758551e-04 1.216786192609719819e+03
2.897160589634161019e-04 1.238002610768131262e+03
2.949868201400724570e-04 1.259586436663484619e+03
3.003534714909940903e-04 1.281543898863584900e+03
3.058177575318607564e-04 1.303881327570708436e+03
3.113814545160675839e-04 1.326605156180119820e+03
3.170463710121235027e-04 1.349721922860123414e+03
3.228143484915545593e-04 1.373238272153947946e+03
3.286872619275051630e-04 1.397160956603661816e+03
3.346670204042274878e-04 1.421496838242465174e+03
3.407555677376585749e-04 1.446252874732365171e+03
3.469548831072907032e-04 1.471436106312533866e+03
3.532669816995344099e-04 1.497053681544256278e+03
3.596939153627857458e-04 1.523112861893593617e+03
3.662377732744146039e-04 1.549621023341482442e+03
3.729006826198842401e-04 1.576585658012559634e+03
3.796848092842254412e-04 1.604014375822863940e+03
3.865923585560943217e-04 1.631914906146612793e+03
3.936255758446357959e-04 1.660295099502005087e+03
4.007867474093881042e-04 1.689162929256326606e+03
4.080782011034704971e-04 1.718526493350383134e+03
4.155023071302878300e-04 1.748394016042355588e+03
4.230614788140018689e-04 1.778773848037785001e+03
4.307581733840231200e-04 1.809674431325885280e+03
4.385948927737709220e-04 1.841104297498549158e+03
4.465741844339673225e-04 1.873072104251109749e+03
4.546986421607269535e-04 1.905586638611913941e+03
4.629709069387099988e-04 1.938656818552032973e+03
4.713936677996192776e-04 1.972291694606834199e+03
4.799696626963114669e-04 2.006500451509414688e+03
4.887016793928109122e-04 2.041292409835579974e+03
4.975925563705199022e-04 2.076677027660374279e+03
5.066451837509105497e-04 2.112663902225930087e+03
5.158625042350036471e-04 2.149262771620466083e+03
5.252475140599437630e-04 2.186483516468333164e+03
5.348032639729722064e-04 2.224336153554076645e+03
5.445328602231193230e-04 2.262830767858190484e+03
5.544394655709439885e-04 2.301977543086144124e+03
5.645263003166376423e-04 2.341786802746859394e+03
5.747966433468323271e-04 2.382269011927625797e+03
5.852538332004588112e-04 2.423434778648368592e+03
5.959012691539901374e-04 2.465294855212854145e+03
6.067424123264289265e-04 2.507860139556500599e+03
6.177807868044028370e-04 2.551141676590106727e+03
6.290199807877237988e-04 2.595150659538921445e+03
6.404636477557869127e-04 2.639898431276517385e+03
6.521155076551968374e-04 2.685396485652852789e+03
6.639793481089937589e-04 2.731656468815810967e+03
6.760590256478781488e-04 2.778690149186273629e+03
6.883584669638424022e-04 2.826509302418234711e+03
7.008816701866015138e-04 2.875125805905217931e+03
7.136327061832506164e-04 2.924551678871585409e+03
7.266157198815622470e-04 2.974799083009085280e+03
7.398349316173659113e-04 3.025880323080416929e+03
7.532946385064322441e-04 3.077807847491619668e+03
7.669992158413210326e-04 3.130594248832120229e+03
7.809531185136364337e-04 3.184252264381194436e+03
7.951608824621657834e-04 3.238794776579772588e+03
8.096271261473557369e-04 3.294234813466135620e+03
8.243565520526149317e-04 3.350585549074354276e+03
8.393539482129358346e-04 3.407860303437696530e+03
8.546241897713193272e-04 3.466072448976407031e+03
8.701722405635155082e-04 3.525235275280344467e+03
8.860031547316025383e-04 3.585362164895362184e+03
9.021220783669138630e-04 3.646466622698850188e+03
9.185342511828547196e-04 3.708562275041989324e+03
9.352450082181596814e-04 3.771662868817053550e+03
9.522597815711297603e-04 3.835782270448139116e+03
9.695841021654195762e-04 3.900934464803172432e+03
9.872236015479583272e-04 3.967133554025447665e+03
1.005184013719570731e-03 4.034393756282669983e+03
1.023471176998903354e-03 4.102729404431467628e+03
1.042091035920268260e-03 4.172154944595590678e+03
1.061049643166006237e-03 4.242684925444438704e+03
1.080353161534003880e-03 4.314333668227782255e+03
1.100007865941020346e-03 4.387115149534571174e+03
1.120020145462436367e-03 4.461043371671606110e+03
1.140396505409130030e-03 4.536132384516471575e+03
1.161143569442140474e-03 4.612396281326451572e+03
1.182268081725779563e-03 4.689849194392489153e+03
1.203776909119937686e-03 4.768505290535752465e+03
1.225677043412273662e-03 4.848378766444422581e+03
1.247975603590990466e-03 4.929483843848330253e+03
1.270679838158989732e-03 5.011834764529036875e+03
1.293797127490108707e-03 5.095445785163089568e+03
1.317334986228223953e-03 5.180331171996065677e+03
1.341301065730015436e-03 5.266505162490284420e+03
1.365703156552156234e-03 5.353981565170858630e+03
1.390549190983755108e-03 5.442773852911215727e+03
1.415847245624880920e-03 5.532895427804580322e+03
1.441605544011986383e-03 5.624359618648018113e+03
1.467832459291095685e-03 5.717179672605440828e+03
1.494536516939638099e-03 5.811368746649023706e+03
1.521726397537785614e-03 5.906939898777342933e+03
1.549410939590209870e-03 6.003906079009677342e+03
1.577599142399188420e-03 6.102280120154680844e+03
1.606300168989966727e-03 6.202074728353171849e+03
1.635523349089341256e-03 6.303302473393981927e+03
1.665278182158445083e-03 6.405975778802368040e+03
1.695574340480695760e-03 6.510106733191243620e+03
1.726421672305918737e-03 6.615706173397632483e+03
1.757830205051689977e-03 6.722784277664700312e+03
1.789810148562901533e-03 6.831350925296119385e+03
1.822371898430628434e-03 6.941415682416309210e+03
1.855526039371401025e-03 7.052987786879193663e+03
1.889283348667912315e-03 7.166076132903689540e+03
1.923654799672356013e-03 7.280689255439920089e+03
1.958651565373502844e-03 7.396835314270618255e+03
1.994285022028632545e-03 7.514522077852131588e+03
2.030566752861590052e-03 7.633756906901140610e+03
2.067508551828088018e-03 7.754546737731877329e+03
2.105122427449517258e-03 7.876898065094693266e+03
2.143420606716516918e-03 8.000816574148096151e+03
2.182415539063549490e-03 8.126306390625389213e+03
2.222119900415780395e-03 8.253370858013830002e+03
2.262546597309603950e-03 8.382012704243044936e+03
2.303708771088110261e-03 8.512234020525836968e+03
2.345619802172884284e-03 8.644036239997285520e+03
2.388293314413537840e-03 8.777420116167113520e+03
2.431743179516352837e-03 8.912385701200024414e+03
2.475983521553492845e-03 9.048932324040672029e+03
2.521028721554273606e-03 9.187058568400163495e+03
2.566893422179938791e-03 9.326762250621837666e+03
2.613592532483482739e-03 9.468040397445243798e+03
2.661141232756091858e-03 9.610889217375508451e+03
2.709554979461731641e-03 9.755303684831213104e+03
2.758849510261511279e-03 9.901277255980076006e+03
2.809040849129475128e-03 1.004880238820746308e+04
2.860145311561445615e-03 1.019787056938509522e+04
2.912179509878621078e-03 1.034847229376522409e+04
2.965160358627711400e-03 1.050059703795301357e+04
3.019105080079240774e-03 1.065423323698680906e+04
3.074031209825939682e-03 1.080936826055688471e+04
3.129956602482987689e-03 1.096598838939522466e+04
3.186899437491901629e-03 1.112407879186837454e+04
3.244878225030087531e-03 1.128362350080803481e+04
3.303911812027855201e-03 1.144460539061387681e+04
3.364019388294905554e-03 1.160700613899217933e+04
3.425220492758303866e-03 1.177080593562664399e+04
3.487535019813910002e-03 1.193598348002964303e+04
3.550983225793357713e-03 1.210251618586792756e+04
3.615585735548721910e-03 1.227038016716260427e+04
3.681363549156942572e-03 1.243955021721754929e+04
3.748338048746226604e-03 1.260999978811666551e+04
3.816531005446670635e-03 1.278170097083493056e+04
3.885964586467303538e-03 1.295462447600790802e+04
3.956661362301879675e-03 1.312873961540632808e+04
4.028644314065801639e-03 1.330401428416165800e+04
4.101936840966486156e-03 1.348041494379098367e+04
4.176562767909641240e-03 1.365790660606835991e+04
4.252546353243950861e-03 1.383645271852168662e+04
4.329912296646630868e-03 1.401601446530372959e+04
4.408685747152437870e-03 1.419655112433081740e+04
4.488892311328791275e-03 1.437802040183324061e+04
4.570558061599583680e-03 1.456037842243500563e+04
4.653709544720419609e-03 1.474357971846232613e+04
4.738373790408112810e-03 1.492757722053318321e+04
4.824578320127069324e-03 1.511232224948418298e+04
4.912351156035600803e-03 1.529776450969011057e+04
5.001720830095009521e-03 1.548385208383218924e+04
5.092716393344296974e-03 1.567053142916971956e+04
5.185367425343695783e-03 1.585774737537117471e+04
5.279704043790010327e-03 1.604544312395683119e+04
5.375756914306787163e-03 1.623355944660651949e+04
5.473557260412724793e-03 1.642203233964575338e+04
5.573136873671352513e-03 1.661079524443585979e+04
5.674528124025369699e-03 1.679977977371269299e+04
5.777763970319049064e-03 1.698891571963550086e+04
5.882877971012012881e-03 1.717813106416495066e+04
5.989904295087934011e-03 1.736735199183423174e+04
6.098877733161739596e-03 1.755650290497940659e+04
6.209833708788841528e-03 1.774550644148820720e+04
6.322808289980108576e-03 1.793428349512900240e+04
6.437838200926385319e-03 1.812275323851664143e+04
6.554960833936262360e-03 1.831083314877037992e+04
6.674214261591017439e-03 1.849843900538091111e+04
6.795637249120757215e-03 1.868548093731735935e+04
6.919269267005656761e-03 1.887185928035958204e+04
7.045150503806445370e-03 1.905747137538994139e+04
7.173321879228382672e-03 1.924221253116075604e+04
7.303825057422841556e-03 1.942597607451538715e+04
7.436702460530880687e-03 1.960865340502058461e+04
7.571997282473287398e-03 1.979013405407610844e+04
7.709753502991424298e-03 1.997030574856077510e+04
7.850015901943519989e-03 2.014905447906823247e+04
7.992830073861156154e-03 2.032626457277627924e+04
8.138242442770402332e-03 2.050181877098697805e+04
8.286300277282729679e-03 2.067559831136658977e+04
8.437051705960476808e-03 2.084748269127533058e+04
8.590545732961701528e-03 2.101734145875867034e+04
8.746832253969855087e-03 2.118503329462759575e+04
8.905962072413141362e-03 2.135041471778471168e+04
9.067986915978947307e-03 2.151334066531002827e+04
9.232959453428814245e-03 2.167366462748310005e+04
9.400933311719227026e-03 2.183123878989173681e+04
9.571963093433890138e-03 2.198591418259845523e+04
9.746104394533217086e-03 2.213754083631662434e+04
9.923413822426669154e-03 2.228596794552909341e+04
1.010394901437385203e-02 2.243104403846089554e+04
1.028776865622049903e-02 2.257261715379742600e+04
1.047493250147520615e-02 2.271053502401712103e+04
1.066550139073323480e-02 2.284464351441977851e+04
1.085953727145377856e-02 2.297477036242176473e+04
1.105710321809694544e-02 2.310073237964200234e+04
1.125826345262708091e-02 2.322234610298311236e+04
1.146308336538921606e-02 2.333942820648610723e+04
1.167162953636518598e-02 2.345179578626784496e+04
1.188396975681655331e-02 2.355926665491171298e+04
1.210017305132118047e-02 2.366165964492208877e+04
1.232030970021084568e-02 2.375879492080981800e+04
1.254445126241695782e-02 2.385049429932909334e+04
1.277267059873187817e-02 2.393658157733991902e+04
1.300504189549357356e-02 2.401688286672468166e+04
1.324164068870101706e-02 2.409122693573950164e+04
1.348254388856834698e-02 2.415944135131026633e+04
1.372782980452582312e-02 2.422133610390960166e+04
1.397757817067552845e-02 2.427671820004784968e+04
1.423187017171016755e-02 2.432539851070677469e+04
1.449078846930352236e-02 2.436719222684018314e+04
1.475441722898090599e-02 2.440191931894584923e+04
1.502284214747852745e-02 2.442940500142212113e+04
1.529615048060052954e-02 2.444948020046492093e+04
1.557443107158297015e-02 2.446198202419500012e+04
1.585777437997368949e-02 2.446675423363969094e+04
1.614627251103758002e-02 2.446364771313317760e+04
1.644001924569696987e-02 2.445252093863975824e+04
1.673911007101656218e-02 2.443324043229231393e+04
1.704364221124297918e-02 2.440567724476725198e+04
1.735371465940915153e-02 2.436970140083958177e+04
1.766942820951353937e-02 2.432519090043252436e+04
1.799088548928476708e-02 2.427203376366146040e+04
1.831819099354253105e-02 2.421012850895359225e+04
1.865145111816521317e-02 2.413938461833387555e+04
1.899077419467561437e-02 2.405972298784192753e+04
1.933627052545575792e-02 2.397107636102441757e+04
1.968805241960255858e-02 2.387338974343702648e+04
2.004623422943563674e-02 2.376662079608701606e+04
2.041093238766928872e-02 2.365074020575877148e+04
2.078226544526092998e-02 2.352573203018058484e+04
2.116035410994791810e-02 2.339159449403526014e+04
2.154532128548546088e-02 2.324835985839678688e+04
2.193729211159857126e-02 2.309610094156473860e+04
2.233639400466067362e-02 2.293490553486409044e+04
2.274275669911225012e-02 2.276487447334694662e+04
2.315651228963324162e-02 2.258612160454660625e+04
2.357779527408245326e-02 2.239877372438265229e+04
2.400674259721816833e-02 2.220297047977339753e+04
2.444349369521435500e-02 2.199886423762363847e+04
2.488819054098654476e-02 2.178661991997475707e+04
2.534097769034242970e-02 2.156641480522536585e+04
2.580200232897193052e-02 2.133843829545573317e+04
2.627141432029242440e-02 2.110289165001802758e+04
2.674936625416414818e-02 2.085999989616584935e+04
2.723601349649189957e-02 2.061016880704761934e+04
2.773151423972935320e-02 2.035393017411091569e+04
2.823602955430197167e-02 2.009181306478858824e+04
2.874972344096543217e-02 1.982433951948586764e+04
2.927276288411684996e-02 1.955202336049706719e+04
2.980531790607564985e-02 1.927536908931701328e+04
3.034756162235194635e-02 1.899487087263658395e+04
3.089967029792066097e-02 1.871101161681161102e+04
3.146182340451917497e-02 1.842426213012077278e+04
3.203420367898752313e-02 1.813508037169496311e+04
3.261699718266979769e-02 1.784391078560052847e+04
3.321039336189655911e-02 1.755118371819509048e+04
3.381458510956728697e-02 1.725736725667866631e+04
3.442976882785318132e-02 1.696321124829062683e+04
3.505614449204105115e-02 1.666953255759529566e+04
3.569391571553836434e-02 1.637710075548677196e+04
3.634328981606090719e-02 1.608663820431000022e+04
3.700447788302495961e-02 1.579882062805045643e+04
3.767769484616516340e-02 1.551427797990883300e+04
3.836315954540073236e-02 1.523359557513674918e+04
3.906109480197312439e-02 1.495731545807026851e+04
3.977172749087744263e-02 1.468593797363941849e+04
4.049528861461189344e-02 1.441992351520012198e+04
4.123201337826865737e-02 1.415969442229340711e+04
4.198214126599129209e-02 1.390563804718350730e+04
4.274591611882278680e-02 1.365811345270506717e+04
4.352358621396981014e-02 1.341744946422455723e+04
4.431540434550947788e-02 1.318394491698204911e+04
4.512162790656396028e-02 1.295787102391907683e+04
4.594251897297006032e-02 1.273947378249062785e+04
4.677834438847147669e-02 1.252897640623865300e+04
4.762937585146043151e-02 1.232658177101818183e+04
4.849589000329746630e-02 1.213246163001394780e+04
4.937816851823838976e-02 1.194650793559055455e+04
5.027649819499679928e-02 1.176837256399855687e+04
5.119117104997271406e-02 1.159771631501675984e+04
5.212248441217692818e-02 1.143421752687565640e+04
5.307074101988284998e-02 1.127757069752692951e+04
5.403624911903631006e-02 1.112735670151981867e+04
5.501932256345561101e-02 1.098285499810141300e+04
5.602028091685504890e-02 1.084333144983695638e+04
5.703944955672407557e-02 1.070808757105455334e+04
5.807715978009624774e-02 1.057636777667692149e+04
5.913374891124294208e-02 1.044717086193028990e+04
6.020956041132585757e-02 1.031948804055383334e+04
6.130494399004434575e-02 1.019234591807790093e+04
6.242025571931449079e-02 1.006467968762119744e+04
6.355585814901575092e-02 9.935392511243171612e+03
6.471212042484364435e-02 9.803440569585922276e+03
6.588941840830631058e-02 9.667778526352889457e+03
6.708813479890453346e-02 9.527390960169086611e+03
6.830865925853425724e-02 9.381348138915311210e+03
6.955138853815211186e-02 9.228845903394030756e+03
7.081672660674612207e-02 9.069180328931890472e+03
7.210508478265199861e-02 8.901827054165876689e+03
7.341688186725858767e-02 8.726462104785008705e+03
7.475254428114630478e-02 8.542914618778011572e+03
7.611250620270181011e-02 8.351321325120003166e+03
7.749720970925433328e-02 8.151967836773721501e+03
7.890710492078044369e-02 7.945475615673394714e+03
8.034265014622242462e-02 7.732653382901918121e+03
8.180431203246910088e-02 7.514579101673240075e+03
8.329256571604647108e-02 7.292539973635574825e+03
8.480789497756895112e-02 7.068001552120569613e+03
8.635079239899974557e-02 6.842624209024371339e+03
8.792175952377219439e-02 6.618136169315980624e+03
8.952130701982498329e-02 6.396388113002493810e+03
9.114995484560270422e-02 6.179184622203016261e+03
9.280823241907629195e-02 5.968338341424620921e+03
9.449667878983940283e-02 5.765511815323776318e+03
9.621584281433476216e-02 5.572249812542894688e+03
9.796628333426847524e-02 5.389855499545320527e+03
9.974856935827097759e-02 5.219398457287545170e+03
1.015632802468619950e-01 5.061630481100340148e+03
1.034110059007811722e-01 4.916991471146035110e+03
1.052923469527442119e-01 4.785548077708859637e+03
1.072079149626888606e-01 4.667034295596023185e+03
1.091583326165718459e-01 4.560759081910052373e+03
1.111442339287825876e-01 4.465719556342944998e+03
1.131662644482403085e-01 4.380488753920622912e+03
1.152250814682397734e-01 4.303401572896476864e+03
1.173213542401145143e-01 4.232421713434488083e+03
1.194557641907884188e-01 4.165380274451912555e+03
1.216290051442840969e-01 4.099911909708748681e+03
1.238417835472609974e-01 4.033678538361483334e+03
1.260948186986580177e-01 3.964406865791384462e+03
1.283888429835126355e-01 3.890078621231551551e+03
1.307246021110340384e-01 3.809041215726591872e+03
1.331028553570085537e-01 3.720164512954860584e+03
1.355243758106138563e-01 3.622892784245416351e+03
1.379899506257241670e-01 3.517398082057564352e+03
1.405003812767867122e-01 3.404445744190791629e+03
1.430564838193544852e-01 3.285557244005582106e+03
1.456590891553579126e-01 3.162660517589722076e+03
1.483090433032021316e-01 3.038218395558331849e+03
1.510072076727798640e-01 2.914777845153470480e+03
1.537544593454858166e-01 2.795011804220629529e+03
1.565516913593256454e-01 2.681319799397292627e+03
1.593998129992131307e-01 2.575798768421639579e+03
1.622997500925472680e-01 2.479944617227904018e+03
1.652524453101666957e-01 2.394688640021532137e+03
1.682588584727810199e-01 2.320148301049387555e+03
1.713199668629750150e-01 2.255856775680194005e+03
1.744367655428904484e-01 2.200439343949894464e+03
1.776102676776860900e-01 2.152126665112512001e+03
1.808415048648842893e-01 2.108687828139349222e+03
1.841315274697077342e-01 2.067724294309167362e+03
1.874814049665168569e-01 2.026550918077951337e+03
1.908922262864606312e-01 1.982734141470163195e+03
1.943651001714505333e-01 1.934257347026735943e+03
1.979011555345740747e-01 1.880083173533714444e+03
2.015015418270673930e-01 1.820116418764335322e+03
2.051674294119619768e-01 1.755270692192871365e+03
2.089000099445292302e-01 1.687081903321645086e+03
2.127004967596484164e-01 1.617762673063004513e+03
2.165701252662195486e-01 1.549608625324959348e+03
2.205101533487533183e-01 1.484868051380264887e+03
2.245218617762654856e-01 1.425316573451993463e+03
2.286065546186128450e-01 1.372094563927363879e+03
2.327655596704011065e-01 1.325567275095604373e+03
2.370002288826050518e-01 1.285312542414161044e+03
2.413119388020432687e-01 1.250168236899218073e+03
2.457020910188459084e-01 1.218456446733676785e+03
2.501721126220631253e-01 1.188210773701737935e+03
2.547234566635647179e-01 1.157490246786446505e+03
2.593576026303771598e-01 1.124822633294958678e+03
2.640760569256134782e-01 1.089299753581730329e+03
2.688803533581552996e-01 1.051027567752966661e+03
2.737720536412410199e-01 1.010758579933007695e+03
2.787527479001258301e-01 9.699792976221668823e+02
2.838240551889765206e-01 9.302688848025744619e+02
2.889876240171723176e-01 8.931650987636547825e+02
2.942451328851785064e-01 8.595456354703210309e+02
2.995982908301688674e-01 8.297385152285374943e+02
3.050488379815770590e-01 8.032053052212472721e+02
3.105985461267529724e-01 7.790053355815002760e+02
3.162492192869091334e-01 7.558557447210540658e+02
3.220026943035488309e-01 7.325896668243146905e+02
3.278608414355596024e-01 7.084731594013097720e+02
3.338255649671697523e-01 6.832628016041063574e+02
3.398988038269684098e-01 6.573984722168020198e+02
3.460825322181838581e-01 6.316110169483753225e+02
3.523787602604305236e-01 6.068582528868812460e+02
3.587895346431287935e-01 5.837791747554621224e+02
3.653169392908166557e-01 5.626940927550740525e+02
3.719630960405611586e-01 5.433559439646743385e+02
3.787301653316944572e-01 5.251967229531738894e+02
3.856203469081013746e-01 5.075706488071310787e+02
3.926358805332800794e-01 4.899092261414821223e+02
3.997790467184118013e-01 4.721083100934997105e+02
4.070521674636797815e-01 4.542878261741792585e+02
4.144576070130712719e-01 4.368446931513011009e+02
4.219977726229114934e-01 4.201698352713864892e+02
4.296751153443834070e-01 4.044462248907182129e+02
4.374921308202791015e-01 3.897183376161706860e+02
4.454513600962493047e-01 3.757494949124923096e+02
4.535553904468090924e-01 3.622694496738636758e+02
4.618068562163753499e-01 3.490556561775844671e+02
4.702084396756012197e-01 3.359722147527778588e+02
4.787628718932894767e-01 3.231534570300536870e+02
4.874729336241730993e-01 3.107821483566920620e+02
4.963414562128421470e-01 2.989714513214886438e+02
5.053713225141164278e-01 2.877846820563312349e+02
5.145654678301662122e-01 2.771117454011566679e+02
5.239268808646776465e-01 2.667580752533434634e+02
5.334586046943771143e-01 2.566489351686265650e+02
5.431637377582348991e-01 2.468300480146129985e+02
5.530454348646605123e-01 2.373453705934233540e+02
5.631069082170223616e-01 2.282290420175204417e+02
5.733514284578283826e-01 2.195036566225338390e+02
5.837823257318991432e-01 2.111331507144159616e+02
5.944029907688848091e-01 2.030509230424068789e+02
6.052168759854743563e-01 1.952151061827118781e+02
6.162274966076619620e-01 1.876423885188803240e+02
6.274384318134254013e-01 1.803564580494998211e+02
6.388533258961933692e-01 1.733614821707469957e+02
6.504758894494848676e-01 1.666339768397057810e+02
6.623099005730950228e-01 1.601501949394876476e+02
6.743592061012246841e-01 1.538946294476798187e+02
6.866277228529591437e-01 1.478646538789864167e+02
6.991194389054908864e-01 1.420585046910458971e+02
7.118384148905058106e-01 1.364731397217262554e+02
7.247887853141601333e-01 1.311006835786398881e+02
7.379747599010648695e-01 1.259316347384918373e+02
7.514006249627259715e-01 1.209570229885113122e+02
7.650707447908745573e-01 1.161685616458910602e+02
7.789895630761547451e-01 1.115595977060940101e+02
7.931616043526137361e-01 1.071241963432728284e+02
8.075914754684712094e-01 1.028565698293863591e+02
8.222838670836538633e-01 9.875107511864753462e+01
8.372435551945670573e-01 9.480217406316324968e+01
8.524754026866058210e-01 9.100430838906245867e+01
8.679843609149188177e-01 8.735204913028516671e+01
8.837754713139223117e-01 8.384014551580919772e+01
8.998538670360967107e-01 8.046351992598903280e+01
9.162247746206046983e-01 7.721726295135505325e+01
9.328935156922580907e-01 7.409662776408056573e+01
9.498655086913979639e-01 7.109701656633079381e+01
9.671462706352423888e-01 6.821398080280161480e+01
9.847414189112857485e-01 6.544322386540899572e+01
1.002656673103317075e+00 6.278059655977667575e+01
1.020897856850663477e+00 6.022209254617587249e+01
1.039470899741254284e+00 5.776384389922088047e+01
1.058381839239129318e+00 5.540211678421473351e+01
1.077636822647020098e+00 5.313330724803175542e+01
1.097242109104616281e+00 5.095393804631078183e+01
1.117204071623204564e+00 4.886065825311659694e+01
1.137529199157325532e+00 4.685023542828553644e+01
1.158224098714097927e+00 4.491955022246231977e+01
1.179295497500937762e+00 4.306559281526686789e+01
1.200750245112352843e+00 4.128545944804417189e+01
1.222595315756498158e+00 3.957634904861724578e+01
1.244837810522259947e+00 3.793555994643181606e+01
1.267484959687586565e+00 3.636048667647335719e+01
1.290544125069789771e+00 3.484861687032564248e+01
1.314022802418629343e+00 3.339752823272658588e+01
1.337928623852933541e+00 3.200488557772052189e+01
1.362269360341522129e+00 3.066843681835914026e+01
1.387052924229306816e+00 2.938600992236836973e+01
1.412287371809304970e+00 2.815551199119915893e+01
1.437980905941474319e+00 2.697492673762043935e+01
1.464141878719193102e+00 2.584231189544041385e+01
1.490778794184223655e+00 2.475579670679304911e+01
1.517900311091094689e+00 2.371357948512817160e+01
1.545515245721778452e+00 2.271392525206804081e+01
1.573632574751544055e+00 2.175516344631914833e+01
1.602261438166979080e+00 2.083568570284730725e+01
1.631411142237097822e+00 1.995394370055393551e+01
1.661091162538472332e+00 1.910844707671613563e+01
1.691311147035430507e+00 1.829776133799782301e+01
1.722080919216290917e+00 1.752050523889132094e+01
1.753410481286623579e+00 1.677534930429687421e+01
1.785310017420636663e+00 1.606101450205470726e+01
1.817789897071716787e+00 1.537627045308283691e+01
1.850860678343162258e+00 1.471993369194554546e+01
1.884533111420275020e+00 1.409086598437627380e+01
1.918818142064890653e+00 1.348797270013214344e+01
1.953726915173450651e+00 1.291020123959249410e+01
1.989270778399840234e+00 1.235653951254674965e+01
2.025461285844135872e+00 1.182601446765388253e+01
2.062310201808426502e+00 1.131769067108958815e+01
2.099829504620999376e+00 1.083066893292992283e+01
2.138031390530099607e+00 1.036408493768359662e+01
2.176928277668485734e+00 9.917107795198628395e+00
2.216532810090176664e+00 9.488938985666466763e+00
2.256857861880572358e+00 9.078811239344057427e+00
2.297916541341392893e+00 8.685987375578081426e+00
2.339722195251757952e+00 8.309759181963025654e+00
2.382288413206739008e+00 7.949446332434074947e+00
2.425629032034890553e+00 7.604395343072939184e+00
2.469758140296145932e+00 7.273978564438544403e+00
2.514690082861498865e+00 6.957593209265750644e+00
2.560439465576048956e+00 6.654660414405394242e+00
2.607021160006877558e+00 6.364624335910724184e+00
2.654450308277259918e+00 6.086951276078257145e+00
2.702742327988867821e+00 5.821128765659927318e+00
2.751912917233522826e+00 5.566664644319818223e+00
2.801978059696081491e+00 5.323086476664964373e+00
2.852954029850200968e+00 5.089940829822828583e+00
2.904857398248635203e+00 4.866792540856772931e+00
2.957705036909722196e+00 4.653224010904245311e+00
3.011514124801920822e+00 4.448834525133618101e+00
3.066302153428126953e+00 4.253239597643795555e+00
3.122086932511527912e+00 4.066070340457044630e+00
3.178886595784957247e+00 3.886972855780976843e+00
3.236719606885571920e+00 3.715607650741446388e+00
3.295604765356715760e+00 3.551649073812698454e+00
3.355561212759026635e+00 3.394784771631827791e+00
3.416608438892731137e+00 3.244715140495562977e+00
3.478766288133063878e+00 3.101152818082530072e+00
3.542054965881055395e+00 2.963822239553382420e+00
3.606495045131572041e+00 2.832459173718027579e+00
3.672107473160914903e+00 2.706810273558772018e+00
3.738913578336090726e+00 2.586632643770470530e+00
3.806935077047892690e+00 2.471693424711971510e+00
3.876194080770182016e+00 2.361769392182488936e+00
3.946713103247599275e+00 2.256646572456259214e+00
4.018515067813969388e+00 2.156119872027336015e+00
4.091623314843920944e+00 2.059992721534263715e+00
4.166061609340070859e+00 1.968076733352311924e+00
4.241854148658170232e+00 1.880191366217297544e+00
4.319025570372864387e+00 1.796163524270698586e+00
4.397600960286556671e+00 1.715827291332913562e+00
4.477605860583897091e+00 1.639023716405684228e+00
4.559066278134701555e+00 1.565600531521452732e+00
4.642008692947928949e+00 1.495411878622009416e+00
4.726460066779375246e+00 1.428318047222248754e+00
4.812447851896049400e+00 1.364185222450740698e+00
4.900000000000001243e+00 1.302885243073639954e+00
