# k[h/Mpc]    Pk[Mpc^3/h^3] (CDM+baryons, z=0, sum m_nu = 0.3 eV)
1.000000000000000048e-04 4.304614925703089625e+02
1.018192851288654056e-04 4.379876824921383900e+02
1.036716682415320324e-04 4.456456383557841718e+02
1.055577514846969182e-04 4.534372476404058148e+02
1.074781479598227148e-04 4.613644168032720358e+02
1.094334819224358437e-04 4.694294316312379465e+02
1.114243889850503427e-04 4.776359401587928915e+02
1.134515163237845173e-04 4.859854507117423736e+02
1.155155228887354377e-04 4.944799096361478519e+02
1.176170796181814416e-04 5.031228434537742373e+02
1.197568696566808123e-04 5.119174074621795967e+02
1.219355885771395451e-04 5.208660622101853050e+02
1.241539446069180779e-04 5.299710850009105343e+02
1.264126588580515400e-04 5.392342833844550114e+02
1.287124655616594384e-04 5.486589521673382706e+02
1.310541123066188615e-04 5.582485283956355033e+02
1.334383602825797493e-04 5.680056429819618415e+02
1.358659845274025704e-04 5.779311260568013040e+02
1.383377741790963323e-04 5.880309216654376314e+02
1.408545327323400568e-04 5.983070510330180696e+02
1.434170782996723684e-04 6.087623365917600040e+02
1.460262438774317321e-04 6.193996238586128129e+02
1.486828776165345905e-04 6.302222761993917857e+02
1.513878430981813628e-04 6.412359470633055025e+02
1.541420196145766618e-04 6.524412577775277668e+02
1.569463024547576211e-04 6.638403871679631720e+02
1.598016031956211612e-04 6.754373194302819456e+02
1.627088499982476107e-04 6.872363721967146830e+02
1.656689879096138421e-04 6.992418515906501852e+02
1.686829791697952625e-04 7.114580728467878998e+02
1.717518035247584925e-04 7.238866263865488690e+02
1.748764585448427458e-04 7.365304779928183052e+02
1.780579599490355648e-04 7.493940121138210770e+02
1.812973419351494885e-04 7.624818822854992959e+02
1.845956575160039546e-04 7.757980433837875580e+02
1.879539788617241337e-04 7.893458616858368941e+02
1.913733976482663102e-04 8.031276831606156748e+02
1.948550254122856829e-04 8.171509488357264672e+02
1.983999939124585297e-04 8.314195673175014463e+02
2.020094554973777819e-04 8.459353911387177050e+02
2.056845834801435461e-04 8.607034174359367853e+02
2.094265725197667807e-04 8.757264416163371834e+02
2.132366390095114320e-04 8.910121728428207462e+02
2.171160214723039149e-04 9.065647477567091528e+02
2.210659809633339990e-04 9.223878856993537738e+02
2.250878014799803737e-04 9.384856017859444819e+02
2.291827903791957422e-04 9.548627908398140107e+02
2.333522788024834985e-04 9.715273253418732793e+02
2.375976221086056330e-04 9.884790630509020275e+02
2.419202003141653350e-04 1.005723781276065665e+03
2.463214185422023359e-04 1.023268824101052473e+03
2.508027074789512386e-04 1.041119291591827960e+03
2.553655238389076002e-04 1.059281415809048212e+03
2.600113508383580818e-04 1.077757562524275045e+03
2.647416986775227160e-04 1.096553483423316948e+03
2.695581050314685314e-04 1.115675850315047455e+03
2.744621355499574371e-04 1.135131273159444618e+03
2.794553843663845458e-04 1.154922397015555362e+03
2.845394746159758551e-04 1.175058520530380974e+03
2.897160589634161019e-04 1.195544242374995065e+03
2.949868201400724570e-04 1.216385896351880774e+03
3.003534714909940903e-04 1.237589210868992268e+03
3.058177575318607564e-04 1.259158621922712427e+03
3.113814545160675839e-04 1.281099300231657253e+03
3.170463710121235027e-04 1.303421826512999132e+03
3.228143484915545593e-04 1.326131658205555141e+03
3.286872619275051630e-04 1.349233916770663654e+03
3.346670204042274878e-04 1.372733870592749781e+03
3.407555677376585749e-04 1.396637247968052861e+03
3.469548831072907032e-04 1.420960133515781308e+03
3.532669816995344099e-04 1.445703497084685523e+03
3.596939153627857458e-04 1.470870680380829754e+03
3.662377732744146039e-04 1.496472061746688951e+03
3.729006826198842401e-04 1.522521329217342327e+03
3.796848092842254412e-04 1.549013647902071170e+03
3.865923585560943217e-04 1.575967989618462752e+03
3.936255758446357959e-04 1.603383962584503024e+03
4.007867474093881042e-04 1.631272922629247660e+03
4.080782011034704971e-04 1.659645053403561406e+03
4.155023071302878300e-04 1.688504582735100257e+03
4.230614788140018689e-04 1.717865047345655057e+03
4.307581733840231200e-04 1.747724685265255857e+03
4.385948927737709220e-04 1.778099159902050133e+03
4.465741844339673225e-04 1.808996433965729693e+03
4.546986421607269535e-04 1.840422349642418339e+03
4.629709069387099988e-04 1.872387513877626361e+03
4.713936677996192776e-04 1.904906943016292189e+03
4.799696626963114669e-04 1.937979496959493872e+03
4.887016793928109122e-04 1.971620522612530067e+03
4.975925563705199022e-04 2.005839269508360758e+03
5.066451837509105497e-04 2.040639401889199235e+03
5.158625042350036471e-04 2.076035793634936908e+03
5.252475140599437630e-04 2.112029821367147633e+03
5.348032639729722064e-04 2.148637073331017291e+03
5.445328602231193230e-04 2.185873008204056077e+03
5.544394655709439885e-04 2.223747231333858963e+03
5.645263003166376423e-04 2.262258943054271640e+03
5.747966433468323271e-04 2.301422489361071257e+03
5.852538332004588112e-04 2.341248043898640390e+03
5.959012691539901374e-04 2.381745582747805202e+03
6.067424123264289265e-04 2.422926707458055262e+03
6.177807868044028370e-04 2.464804452573202070e+03
6.290199807877237988e-04 2.507392079608930999e+03
6.404636477557869127e-04 2.550693621298771632e+03
6.521155076551968374e-04 2.594722559567129792e+03
6.639793481089937589e-04 2.639496194790659501e+03
6.760590256478781488e-04 2.685022113295430245e+03
6.883584669638424022e-04 2.731301232123586487e+03
7.008816701866015138e-04 2.778369653671501965e+03
7.136327061832506164e-04 2.826211440223481532e+03
7.266157198815622470e-04 2.874852443326597950e+03
7.398349316173659113e-04 2.924301544806149195e+03
7.532946385064322441e-04 2.974570309953737251e+03
7.669992158413210326e-04 3.025682961396803421e+03
7.809531185136364337e-04 3.077628003418803019e+03
7.951608824621657834e-04 3.130426704935328871e+03
8.096271261473557369e-04 3.184099342411476755e+03
8.243565520526149317e-04 3.238661357951250011e+03
8.393539482129358346e-04 3.294122410607034908e+03
8.546241897713193272e-04 3.350476789832908253e+03
8.701722405635155082e-04 3.407760292489565018e+03
8.860031547316025383e-04 3.465974029164688091e+03
9.021220783669138630e-04 3.525138430533791961e+03
9.185342511828547196e-04 3.585267042228002538e+03
9.352450082181596814e-04 3.646363599533516663e+03
9.522597815711297603e-04 3.708438214360264283e+03
9.695841021654195762e-04 3.771527441621227808e+03
9.872236015479583272e-04 3.835618581830358835e+03
1.005184013719570731e-03 3.900738628912552485e+03
1.023471176998903354e-03 3.966914190013300413e+03
1.042091035920268260e-03 4.034139597031627090e+03
1.061049643166006237e-03 4.102430478460998529e+03
1.080353161534003880e-03 4.171794494681911601e+03
1.100007865941020346e-03 4.242263568159454735e+03
1.120020145462436367e-03 4.313854159599302875e+03
1.140396505409130030e-03 4.386573664002627083e+03
1.161143569442140474e-03 4.460429835678888594e+03
1.182268081725779563e-03 4.535430144494862361e+03
1.203776909119937686e-03 4.611599573803720887e+03
1.225677043412273662e-03 4.688951129603693516e+03
1.247975603590990466e-03 4.767499294397915946e+03
1.270679838158989732e-03 4.847260634006886903e+03
1.293797127490108707e-03 4.928236155217865416e+03
1.317334986228223953e-03 5.010422442458377191e+03
1.341301065730015436e-03 5.093878162645614793e+03
1.365703156552156234e-03 5.178618227097520503e+03
1.390549190983755108e-03 5.264644170911607944e+03
1.415847245624880920e-03 5.351953718088296228e+03
1.441605544011986383e-03 5.440548239752944028e+03
1.467832459291095685e-03 5.530456473239061779e+03
1.494536516939638099e-03 5.621712202833168703e+03
1.521726397537785614e-03 5.714323000561335903e+03
1.549410939590209870e-03 5.808285710369449589e+03
1.577599142399188420e-03 5.903626315617912041e+03
1.606300168989966727e-03 6.000337103639233646e+03
1.635523349089341256e-03 6.098449427074336199e+03
1.665278182158445083e-03 6.197986985734393784e+03
1.695574340480695760e-03 6.298959700550312846e+03
1.726421672305918737e-03 6.401357351557071524e+03
1.757830205051689977e-03 6.505154478821839803e+03
1.789810148562901533e-03 6.610413237477993789e+03
1.822371898430628434e-03 6.717144651767055620e+03
1.855526039371401025e-03 6.825363152958795581e+03
1.889283348667912315e-03 6.935084425429740804e+03
1.923654799672356013e-03 7.046300971231945368e+03
1.958651565373502844e-03 7.158977347096370067e+03
1.994285022028632545e-03 7.273167061581983944e+03
2.030566752861590052e-03 7.388884133387807196e+03
2.067508551828088018e-03 7.506144821220138510e+03
2.105122427449517258e-03 7.624962357438012987e+03
2.143420606716516918e-03 7.745279592268077067e+03
2.182415539063549490e-03 7.867101380689300640e+03
2.222119900415780395e-03 7.990500980001444987e+03
2.262546597309603950e-03 8.115477620715436387e+03
2.303708771088110261e-03 8.242027152945558555e+03
2.345619802172884284e-03 8.370151668859040001e+03
2.388293314413537840e-03 8.499789957608079931e+03
2.431743179516352837e-03 8.630971098140969843e+03
2.475983521553492845e-03 8.763697320076835240e+03
2.521028721554273606e-03 8.898002668377996088e+03
2.566893422179938791e-03 9.033922455404790526e+03
2.613592532483482739e-03 9.171403641576718655e+03
2.661141232756091858e-03 9.310384232201691702e+03
2.709554979461731641e-03 9.450903868970834083e+03
2.758849510261511279e-03 9.592986535163112421e+03
2.809040849129475128e-03 9.736649783614844637e+03
2.860145311561445615e-03 9.881897972790849963e+03
2.912179509878621078e-03 1.002863313411760828e+04
2.965160358627711400e-03 1.017680130061931050e+04
3.019105080079240774e-03 1.032650058146000993e+04
3.074031209825939682e-03 1.047773904040386333e+04
3.129956602482987689e-03 1.063052058428308192e+04
3.186899437491901629e-03 1.078484547258378552e+04
3.244878225030087531e-03 1.094042018155463484e+04
3.303911812027855201e-03 1.109749943114670168e+04
3.364019388294905554e-03 1.125605091240282673e+04
3.425220492758303866e-03 1.141603689039592791e+04
3.487535019813910002e-03 1.157743749042526542e+04
3.550983225793357713e-03 1.174020804882607626e+04
3.615585735548721910e-03 1.190418895179471474e+04
3.681363549156942572e-03 1.206953368158370176e+04
3.748338048746226604e-03 1.223623201938478269e+04
3.816531005446670635e-03 1.240424989888508208e+04
3.885964586467303538e-03 1.257353812536582154e+04
3.956661362301879675e-03 1.274393040569530967e+04
4.028644314065801639e-03 1.291552325849005683e+04
4.101936840966486156e-03 1.308828603435306104e+04
4.176562767909641240e-03 1.326219470629977513e+04
4.252546353243950861e-03 1.343725606276011422e+04
4.329912296646630868e-03 1.361347823464498288e+04
4.408685747152437870e-03 1.379044320942660306e+04
4.488892311328791275e-03 1.396840996514289327e+04
4.570558061599583680e-03 1.414736580770448199e+04
4.653709544720419609e-03 1.432730588554960559e+04
4.738373790408112810e-03 1.450820733070297501e+04
4.824578320127069324e-03 1.468982331037736913e+04
4.912351156035600803e-03 1.487197801243571666e+04
5.001720830095009521e-03 1.505490371432421125e+04
5.092716393344296974e-03 1.523856611761294698e+04
5.185367425343695783e-03 1.542292155305106644e+04
5.279704043790010327e-03 1.560791621910517824e+04
5.375756914306787163e-03 1.579317904273717795e+04
5.473557260412724793e-03 1.597877199776298221e+04
5.573136873671352513e-03 1.616482296512367066e+04
5.674528124025369699e-03 1.635124368608166151e+04
5.777763970319049064e-03 1.653796296272733889e+04
5.882877971012012881e-03 1.672496933887443811e+04
5.989904295087934011e-03 1.691163775987805639e+04
6.098877733161739596e-03 1.709837364333721052e+04
6.209833708788841528e-03 1.728517834878832582e+04
6.322808289980108576e-03 1.747198376008114064e+04
6.437838200926385319e-03 1.765868284725733611e+04
6.554960833936262360e-03 1.784496284578789709e+04
6.674214261591017439e-03 1.803059614756564042e+04
6.795637249120757215e-03 1.821588107112394209e+04
6.919269267005656761e-03 1.840074237339225510e+04
7.045150503806445370e-03 1.858509419386462469e+04
7.173321879228382672e-03 1.876883563098222658e+04
7.303825057422841556e-03 1.895129417019577886e+04
7.436702460530880687e-03 1.913273531659908258e+04
7.571997282473287398e-03 1.931323282456380184e+04
7.709753502991424298e-03 1.949268577073896813e+04
7.850015901943519989e-03 1.967101362019000589e+04
7.992830073861156154e-03 1.984810880518361955e+04
8.138242442770402332e-03 2.002309998963586622e+04
8.286300277282729679e-03 2.019664627332493546e+04
8.437051705960476808e-03 2.036855738434703744e+04
8.590545732961701528e-03 2.053872510239300391e+04
8.746832253969855087e-03 2.070709078814046370e+04
8.905962072413141362e-03 2.087316725808709089e+04
9.067986915978947307e-03 2.103648347038729844e+04
9.232959453428814245e-03 2.119759251193304590e+04
9.400933311719227026e-03 2.135636521555912259e+04
9.571963093433890138e-03 2.151264054687437238e+04
9.746104394533217086e-03 2.166625561914273931e+04
9.923413822426669154e-03 2.181631611395217988e+04
1.010394901437385203e-02 2.196311855911507882e+04
1.028776865622049903e-02 2.210681061309394863e+04
1.047493250147520615e-02 2.224727717194242723e+04
1.066550139073323480e-02 2.238436526099510957e+04
1.085953727145377856e-02 2.251769915611581018e+04
1.105710321809694544e-02 2.264630779781840465e+04
1.125826345262708091e-02 2.277101017564123686e+04
1.146308336538921606e-02 2.289166849013846877e+04
1.167162953636518598e-02 2.300813776321605837e+04
1.188396975681655331e-02 2.312025543007186570e+04
1.210017305132118047e-02 2.322712153379933079e+04
1.232030970021084568e-02 2.332841586081414789e+04
1.254445126241695782e-02 2.342486044550806037e+04
1.277267059873187817e-02 2.351620079262695799e+04
1.300504189549357356e-02 2.360222985756501657e+04
1.324164068870101706e-02 2.368286421810415050e+04
1.348254388856834698e-02 2.375671833126381534e+04
1.372782980452582312e-02 2.382439550039860114e+04
1.397757817067552845e-02 2.388615885466368127e+04
1.423187017171016755e-02 2.394186902876918248e+04
1.449078846930352236e-02 2.399133101825272388e+04
1.475441722898090599e-02 2.403400960383375786e+04
1.502284214747852745e-02 2.406842270172017743e+04
1.529615048060052954e-02 2.409616825102245639e+04
1.557443107158297015e-02 2.411696439870744871e+04
1.585777437997368949e-02 2.413065403040703313e+04
1.614627251103758002e-02 2.413716796708094989e+04
1.644001924569696987e-02 2.413516515942017941e+04
1.673911007101656218e-02 2.412450336056925516e+04
1.704364221124297918e-02 2.410619736072317392e+04
1.735371465940915153e-02 2.408013239532179432e+04
1.766942820951353937e-02 2.404616973916287679e+04
1.799088548928476708e-02 2.400418654403201435e+04
1.831819099354253105e-02 2.395206692809153537e+04
1.865145111816521317e-02 2.389138144788287536e+04
1.899077419467561437e-02 2.382244451233909422e+04
1.933627052545575792e-02 2.374520033949774734e+04
1.968805241960255858e-02 2.365953834350565012e+04
2.004623422943563674e-02 2.356474451127147040e+04
2.041093238766928872e-02 2.345960218756483664e+04
2.078226544526092998e-02 2.334588319499321005e+04
2.116035410994791810e-02 2.322364716636872981e+04
2.154532128548546088e-02 2.309293681711204408e+04
2.193729211159857126e-02 2.295376966752502994e+04
2.233639400466067362e-02 2.280463517191859501e+04
2.274275669911225012e-02 2.264616678392797985e+04
2.315651228963324162e-02 2.247950000802434806e+04
2.357779527408245326e-02 2.230468612770000982e+04
2.400674259721816833e-02 2.212181164101775721e+04
2.444349369521435500e-02 2.193102767467345257e+04
2.488819054098654476e-02 2.173028947503330346e+04
2.534097769034242970e-02 2.152187979317888676e+04
2.580200232897193052e-02 2.130617552595364396e+04
2.627141432029242440e-02 2.108332984665339245e+04
2.674936625416414818e-02 2.085357866092784388e+04
2.723601349649189957e-02 2.061677692580382063e+04
2.773151423972935320e-02 2.037210649137511064e+04
2.823602955430197167e-02 2.012162321047417936e+04
2.874972344096543217e-02 1.986583902467210646e+04
2.927276288411684996e-02 1.960525058719272420e+04
2.980531790607564985e-02 1.934031829295595890e+04
3.034756162235194635e-02 1.907028340712315185e+04
3.089967029792066097e-02 1.879622821014512374e+04
3.146182340451917497e-02 1.851920068384058686e+04
3.203420367898752313e-02 1.823967515389760956e+04
3.261699718266979769e-02 1.795811357814839357e+04
3.321039336189655911e-02 1.767488374379578454e+04
3.381458510956728697e-02 1.738904978090070654e+04
3.442976882785318132e-02 1.710289335296578065e+04
3.505614449204105115e-02 1.681704853240852390e+04
3.569391571553836434e-02 1.653217090300309428e+04
3.634328981606090719e-02 1.624885109296986411e+04
3.700447788302495961e-02 1.596719427769961294e+04
3.767769484616516340e-02 1.568781410628909362e+04
3.836315954540073236e-02 1.541182151977699505e+04
3.906109480197312439e-02 1.513966726670662501e+04
3.977172749087744263e-02 1.487194079556779070e+04
4.049528861461189344e-02 1.460929930561620677e+04
4.123201337826865737e-02 1.435201774849541471e+04
4.198214126599129209e-02 1.410035930320481748e+04
4.274591611882278680e-02 1.385463475727302648e+04
4.352358621396981014e-02 1.361513197516334549e+04
4.431540434550947788e-02 1.338211213741532265e+04
4.512162790656396028e-02 1.315585800006206409e+04
4.594251897297006032e-02 1.293747896328513525e+04
4.677834438847147669e-02 1.272659070223551134e+04
4.762937585146043151e-02 1.252321056559427598e+04
4.849589000329746630e-02 1.232740324885540213e+04
4.937816851823838976e-02 1.213920214047794070e+04
5.027649819499679928e-02 1.195894104734829125e+04
5.119117104997271406e-02 1.178659082097486498e+04
5.212248441217692818e-02 1.162102550707049522e+04
5.307074101988284998e-02 1.146189053492929816e+04
5.403624911903631006e-02 1.130877116084855334e+04
5.501932256345561101e-02 1.116120658373488914e+04
5.602028091685504890e-02 1.101944508669125025e+04
5.703944955672407557e-02 1.088214570038116472e+04
5.807715978009624774e-02 1.074824948531179689e+04
5.913374891124294208e-02 1.061699658542139332e+04
6.020956041132585757e-02 1.048761218881382410e+04
6.130494399004434575e-02 1.035921794954894176e+04
6.242025571931449079e-02 1.023027549735491084e+04
6.355585814901575092e-02 1.010007753893189692e+04
6.471212042484364435e-02 9.967689605445724737e+03
6.588941840830631058e-02 9.832264107437715211e+03
6.708813479890453346e-02 9.693013155503553207e+03
6.830865925853425724e-02 9.548146630375438690e+03
6.955138853815211186e-02 9.396119313910226992e+03
7.081672660674612207e-02 9.237569175928412733e+03
7.210508478265199861e-02 9.072123436362271605e+03
7.341688186725858767e-02 8.899553048530848173e+03
7.475254428114630478e-02 8.719771476686764800e+03
7.611250620270181011e-02 8.530083625266086528e+03
7.749720970925433328e-02 8.332556341861194596e+03
7.890710492078044369e-02 8.128353827422577524e+03
8.034265014622242462e-02 7.918137369558924547e+03
8.180431203246910088e-02 7.702792924229755954e+03
8.329256571604647108e-02 7.483158585116443646e+03
8.480789497756895112e-02 7.259181357396165367e+03
8.635079239899974557e-02 7.034313010541041876e+03
8.792175952377219439e-02 6.810009489780502008e+03
8.952130701982498329e-02 6.587971942900552676e+03
9.114995484560270422e-02 6.369876412317563336e+03
9.280823241907629195e-02 6.156697812088613318e+03
9.449667878983940283e-02 5.951049210221041903e+03
9.621584281433476216e-02 5.754451879951751835e+03
9.796628333426847524e-02 5.567814284879799743e+03
9.974856935827097759e-02 5.392005488735891959e+03
1.015632802468619950e-01 5.227904860385649044e+03
1.034110059007811722e-01 5.077938307880157481e+03
1.052923469527442119e-01 4.940984478350786048e+03
1.072079149626888606e-01 4.816365152140901955e+03
1.091583326165718459e-01 4.703558536391535199e+03
1.111442339287825876e-01 4.601851036717654097e+03
1.131662644482403085e-01 4.510673275638637278e+03
1.152250814682397734e-01 4.429218858668320536e+03
1.173213542401145143e-01 4.353915069752342788e+03
1.194557641907884188e-01 4.282983694644059142e+03
1.216290051442840969e-01 4.214523787063723830e+03
1.238417835472609974e-01 4.146555039143656359e+03
1.260948186986580177e-01 4.076286496558308500e+03
1.283888429835126355e-01 4.001012832138753765e+03
1.307246021110340384e-01 3.919908541826037435e+03
1.331028553570085537e-01 3.831986596504853424e+03
1.355243758106138563e-01 3.736637130258851812e+03
1.379899506257241670e-01 3.633679006059607673e+03
1.405003812767867122e-01 3.520902112887048588e+03
1.430564838193544852e-01 3.402086813578146575e+03
1.456590891553579126e-01 3.279393460255190803e+03
1.483090433032021316e-01 3.154783747758729078e+03
1.510072076727798640e-01 3.030284525007344200e+03
1.537544593454858166e-01 2.907971168343658064e+03
1.565516913593256454e-01 2.790956807052481508e+03
1.593998129992131307e-01 2.681743830586260174e+03
1.622997500925472680e-01 2.581464368427792124e+03
1.652524453101666957e-01 2.490874524268148889e+03
1.682588584727810199e-01 2.410380009714507196e+03
1.713199668629750150e-01 2.341077711899671613e+03
1.744367655428904484e-01 2.281615833662868226e+03
1.776102676776860900e-01 2.229462271875187071e+03
1.808415048648842893e-01 2.182725560594449234e+03
1.841315274697077342e-01 2.139345690071033914e+03
1.874814049665168569e-01 2.097136583235761464e+03
1.908922262864606312e-01 2.052448603283515695e+03
1.943651001714505333e-01 2.003586674288807217e+03
1.979011555345740747e-01 1.949711577292664970e+03
2.015015418270673930e-01 1.890622847667147880e+03
2.051674294119619768e-01 1.826716171714608663e+03
2.089000099445292302e-01 1.758521485763342980e+03
2.127004967596484164e-01 1.687926630174704769e+03
2.165701252662195486e-01 1.618263476895642043e+03
2.205101533487533183e-01 1.551432143746330212e+03
2.245218617762654856e-01 1.488957380870047700e+03
2.286065546186128450e-01 1.431971020353124004e+03
2.327655596704011065e-01 1.382113844380584851e+03
2.370002288826050518e-01 1.339095615990863735e+03
2.413119388020432687e-01 1.301305448041000091e+03
2.457020910188459084e-01 1.267321120894991964e+03
2.501721126220631253e-01 1.235564318881746431e+03
2.547234566635647179e-01 1.204372501460894910e+03
2.593576026303771598e-01 1.171073282378377598e+03
2.640760569256134782e-01 1.135129553645223496e+03
2.688803533581552996e-01 1.096644423028636311e+03
2.737720536412410199e-01 1.056191762295101626e+03
2.787527479001258301e-01 1.014706384037497173e+03
2.838240551889765206e-01 9.734376505003201601e+02
2.889876240171723176e-01 9.345388170779932580e+02
2.942451328851785064e-01 8.990567868003674903e+02
2.995982908301688674e-01 8.671983219890540795e+02
3.050488379815770590e-01 8.387230559033915824e+02
3.105985461267529724e-01 8.130226053569381293e+02
3.162492192869091334e-01 7.890474322179895807e+02
3.220026943035488309e-01 7.651082816787951515e+02
3.278608414355596024e-01 7.404737155029847600e+02
3.338255649671697523e-01 7.148838857801033555e+02
3.398988038269684098e-01 6.884697735982130098e+02
3.460825322181838581e-01 6.617341994306776769e+02
3.523787602604305236e-01 6.357459441718086737e+02
3.587895346431287935e-01 6.114282560032444280e+02
3.653169392908166557e-01 5.890505831790103457e+02
3.719630960405611586e-01 5.685415464645747079e+02
3.787301653316944572e-01 5.495538479885462948e+02
3.856203469081013746e-01 5.314081449854895709e+02
3.926358805332800794e-01 5.133058639214219738e+02
3.997790467184118013e-01 4.949862668764883438e+02
4.070521674636797815e-01 4.765368712290547819e+02
4.144576070130712719e-01 4.582490586741068341e+02
4.219977726229114934e-01 4.405410581042323201e+02
4.296751153443834070e-01 4.239172165009817377e+02
4.374921308202791015e-01 4.085052238890681338e+02
4.454513600962493047e-01 3.939761015641661288e+02
4.535553904468090924e-01 3.800281296244959321e+02
4.618068562163753499e-01 3.663882404556757137e+02
4.702084396756012197e-01 3.528302476267094221e+02
4.787628718932894767e-01 3.393356052935725984e+02
4.874729336241730993e-01 3.262844987747932919e+02
4.963414562128421470e-01 3.138669248653915815e+02
5.053713225141164278e-01 3.021287678932410472e+02
5.145654678301662122e-01 2.909944950536403212e+02
5.239268808646776465e-01 2.802428971650567178e+02
5.334586046943771143e-01 2.696986503316918515e+02
5.431637377582348991e-01 2.594071422685987613e+02
5.530454348646605123e-01 2.494465013604434773e+02
5.631069082170223616e-01 2.398790714298597493e+02
5.733514284578283826e-01 2.307325328596907923e+02
5.837823257318991432e-01 2.219689966792778080e+02
5.944029907688848091e-01 2.135058856853581801e+02
6.052168759854743563e-01 2.053181778436978675e+02
6.162274966076619620e-01 1.974011213507907030e+02
6.274384318134254013e-01 1.897597655870735593e+02
6.388533258961933692e-01 1.824031603580048682e+02
6.504758894494848676e-01 1.753315199850263753e+02
6.623099005730950228e-01 1.685276850284618035e+02
6.743592061012246841e-01 1.619751818158203207e+02
6.866277228529591437e-01 1.556614811822016975e+02
6.991194389054908864e-01 1.495775869760508954e+02
7.118384148905058106e-01 1.437162164719862858e+02
7.247887853141601333e-01 1.380731606809870868e+02
7.379747599010648695e-01 1.326422819515304639e+02
7.514006249627259715e-01 1.274159217888190767e+02
7.650707447908745573e-01 1.223864378433011382e+02
7.789895630761547451e-01 1.175462512350940756e+02
7.931616043526137361e-01 1.128860765036626503e+02
8.075914754684712094e-01 1.084015751798806519e+02
8.222838670836538633e-01 1.040870440896395621e+02
8.372435551945670573e-01 9.993682864544190636e+01
8.524754026866058210e-01 9.594531926228282259e+01
8.679843609149188177e-01 9.210620753263430061e+01
8.837754713139223117e-01 8.841303245492392193e+01
8.998538670360967107e-01 8.486199173147748809e+01
9.162247746206046983e-01 8.144775212563901334e+01
9.328935156922580907e-01 7.816527258850219084e+01
9.498655086913979639e-01 7.500978309832963475e+01
9.671462706352423888e-01 7.197598218132131365e+01
9.847414189112857485e-01 6.905965057515248873e+01
1.002656673103317075e+00 6.625687802303447427e+01
1.020897856850663477e+00 6.356354274585289943e+01
1.039470899741254284e+00 6.097562626471501090e+01
1.058381839239129318e+00 5.848913561817335705e+01
1.077636822647020098e+00 5.609945884807621752e+01
1.097242109104616281e+00 5.380378632123633764e+01
1.117204071623204564e+00 5.159871628343076111e+01
1.137529199157325532e+00 4.948079882067990809e+01
1.158224098714097927e+00 4.744673073591884815e+01
1.179295497500937762e+00 4.549327201661829179e+01
1.200750245112352843e+00 4.361691688087410768e+01
1.222595315756498158e+00 4.181531941103725813e+01
1.244837810522259947e+00 4.008566782435514853e+01
1.267484959687586565e+00 3.842522269501921528e+01
1.290544125069789771e+00 3.683131787334944107e+01
1.314022802418629343e+00 3.530103270091475309e+01
1.337928623852933541e+00 3.383208049156725394e+01
1.362269360341522129e+00 3.242234449942831986e+01
1.387052924229306816e+00 3.106953488012196019e+01
1.412287371809304970e+00 2.977143769742492552e+01
1.437980905941474319e+00 2.852591560504352586e+01
1.464141878719193102e+00 2.733052078872832524e+01
1.490778794184223655e+00 2.618372454468841681e+01
1.517900311091094689e+00 2.508363409794237953e+01
1.545515245721778452e+00 2.402841651217352492e+01
1.573632574751544055e+00 2.301631214072691733e+01
1.602261438166979080e+00 2.204552958213687219e+01
1.631411142237097822e+00 2.111433108342724552e+01
1.661091162538472332e+00 2.022136968372041821e+01
1.691311147035430507e+00 1.936512533983257356e+01
1.722080919216290917e+00 1.854414332391959519e+01
1.753410481286623579e+00 1.775702954680986423e+01
1.785310017420636663e+00 1.700228187419468284e+01
1.817789897071716787e+00 1.627868362353568443e+01
1.850860678343162258e+00 1.558507589298396745e+01
1.884533111420275020e+00 1.492026010122820878e+01
1.918818142064890653e+00 1.428308030507541737e+01
1.953726915173450651e+00 1.367241821987096628e+01
1.989270778399840234e+00 1.308701869219858871e+01
2.025461285844135872e+00 1.252606184844461445e+01
2.062310201808426502e+00 1.198855899599925756e+01
2.099829504620999376e+00 1.147356576158725794e+01
2.138031390530099607e+00 1.098017164411037960e+01
2.176928277668485734e+00 1.050743295612504191e+01
2.216532810090176664e+00 1.005447825473039281e+01
2.256857861880572358e+00 9.620597891076990038e+00
2.297916541341392893e+00 9.205011709688477595e+00
2.339722195251757952e+00 8.806970617203564444e+00
2.382288413206739008e+00 8.425755397772777044e+00
2.425629032034890553e+00 8.060595075877085236e+00
2.469758140296145932e+00 7.710885932509255802e+00
2.514690082861498865e+00 7.376014050383778553e+00
2.560439465576048956e+00 7.055369823049200129e+00
2.607021160006877558e+00 6.748367146981427034e+00
2.654450308277259918e+00 6.454432859919688070e+00
2.702742327988867821e+00 6.172957562381604646e+00
2.751912917233522826e+00 5.903500255097791971e+00
2.801978059696081491e+00 5.645564789958664065e+00
2.852954029850200968e+00 5.398669732717508829e+00
2.904857398248635203e+00 5.162351394842626284e+00
2.957705036909722196e+00 4.936146355029828570e+00
3.011514124801920822e+00 4.719621102883320596e+00
3.066302153428126953e+00 4.512409154113456999e+00
3.122086932511527912e+00 4.314117098622441304e+00
3.178886595784957247e+00 4.124367989869403672e+00
3.236719606885571920e+00 3.942802049511874074e+00
3.295604765356715760e+00 3.769045430876265534e+00
3.355561212759026635e+00 3.602792553609464044e+00
3.416608438892731137e+00 3.443737749570715323e+00
3.478766288133063878e+00 3.291575691032274431e+00
3.542054965881055395e+00 3.146013531298275989e+00
3.606495045131572041e+00 3.006768133405087529e+00
3.672107473160914903e+00 2.873549629038410380e+00
3.738913578336090726e+00 2.746127252124616280e+00
3.806935077047892690e+00 2.624254528661576824e+00
3.876194080770182016e+00 2.507695656775585924e+00
3.946713103247599275e+00 2.396224843602302368e+00
4.018515067813969388e+00 2.289615470540302233e+00
4.091623314843920944e+00 2.187656208450953432e+00
4.166061609340070859e+00 2.090159312641668432e+00
4.241854148658170232e+00 1.996934740457339430e+00
4.319025570372864387e+00 1.907799415140911004e+00
4.397600960286556671e+00 1.822576514919024726e+00
4.477605860583897091e+00 1.741084375256414241e+00
4.559066278134701555e+00 1.663176361324836039e+00
4.642008692947928949e+00 1.588699589890885555e+00
4.726460066779375246e+00 1.517504570588911195e+00
4.812447851896049400e+00 1.449449049633261266e+00
4.900000000000001243e+00 1.384396586231967596e+00
