# k[h/Mpc]    Pk[Mpc^3/h^3] (CDM+baryons, z=0, sum m_nu = 0.6 eV)
7.065570070200583981e-06 4.436014706582707845e+01
7.230148339304893470e-06 4.536022107941199977e+01
7.398560128761029436e-06 4.638283604850381892e+01
7.570894732728955455e-06 4.742850704858022937e+01
7.747243525296813410e-06 4.849775194341363260e+01
7.927700008928674594e-06 4.959109622348973545e+01
8.112359864040784345e-06 5.070909522840197781e+01
8.301320999732585330e-06 5.185229665166548330e+01
8.494683605699418705e-06 5.302127403179419929e+01
8.692550205354424104e-06 5.421659992542767981e+01
8.895025710187812456e-06 5.543887496405604054e+01
9.102217475392326008e-06 5.668870331433883791e+01
9.314235356784384318e-06 5.796671009136715469e+01
9.531191769051089224e-06 5.927352585451608746e+01
9.753201745353983474e-06 6.060980258197705695e+01
9.980382998321150564e-06 6.197620540226332508e+01
1.021285598246001414e-05 6.337341061523594732e+01
1.045074395802390852e-05 6.480211499627536398e+01
1.069417305636629656e-05 6.626302652663747494e+01
1.094327234681728532e-05 6.775687271576391879e+01
1.119817390511788951e-05 6.928439589311737734e+01
1.145901288344834315e-05 7.084635502402831264e+01
1.172592758208756641e-05 7.244352331027216962e+01
1.199905952274181403e-05 7.407669916024660495e+01
1.227855352358134891e-05 7.574669438459406479e+01
1.256455777602495453e-05 7.745433379016482434e+01
1.285722392331299305e-05 7.920046995897273234e+01
1.315670714091064917e-05 8.098597079614002325e+01
1.346316621878402320e-05 8.281172138452650699e+01
1.377676364559266822e-05 8.467863107923912480e+01
1.409766569484323231e-05 8.658762500155091857e+01
1.442604251304986735e-05 8.853965510048753629e+01
1.476206820994816769e-05 9.053568961255805903e+01
1.510592095081045515e-05 9.257671784715751073e+01
1.545778305091136570e-05 9.466375882815408715e+01
1.581784107219381586e-05 9.679784568870105943e+01
1.618628592218661989e-05 9.898004181959774428e+01
1.656331295522619080e-05 1.012114304710518979e+02
1.694912207603598968e-05 1.034931191334633240e+02
1.734391784571865527e-05 1.058262445822037279e+02
1.774790959021701429e-05 1.082119625743234366e+02
1.816131151130146243e-05 1.106514606978993527e+02
1.858434280014257801e-05 1.131459481089931245e+02
1.901722775352918552e-05 1.156966669541933754e+02
1.946019589279348222e-05 1.183048839368414633e+02
1.991348208550628444e-05 1.209718947909446740e+02
2.037732667000691697e-05 1.236990235281973725e+02
2.085197558283379397e-05 1.264876263064705881e+02
2.133768048912321335e-05 1.293390882673735405e+02
2.183469891604555705e-05 1.322548247081737145e+02
2.234329438934959749e-05 1.352362836068292893e+02
2.286373657308733476e-05 1.382849478377019636e+02
2.339630141259345286e-05 1.414023332100282460e+02
2.394127128079518756e-05 1.445899833785519206e+02
2.449893512793019064e-05 1.478494799956770009e+02
2.506958863475176432e-05 1.511824499363054031e+02
2.565353436930271661e-05 1.545905446233261955e+02
2.625108194734094511e-05 1.580754571246288549e+02
2.686254819650180160e-05 1.616389161877471281e+02
2.748825732428430204e-05 1.652826942519268982e+02
2.812854108995023925e-05 1.690085966222681577e+02
2.878373898042732533e-05 1.728184779071385151e+02
2.945419839030965944e-05 1.767142276938676275e+02
3.014027480605094094e-05 1.806977805691646495e+02
3.084233199444809409e-05 1.847711151590633278e+02
3.156074219551522719e-05 1.889362540055523709e+02
3.229588631985023077e-05 1.931952591204769476e+02
3.304815415059861653e-05 1.975502500244805901e+02
3.381794455012168248e-05 2.020033876780108244e+02
3.460566567147863737e-05 2.065568799972299416e+02
3.541173517483474337e-05 2.112129896179257287e+02
3.623658044891028075e-05 2.159740251450541280e+02
3.708063883758767198e-05 2.208423505390080663e+02
3.794435787179703068e-05 2.258203782594398774e+02
3.882819550680296854e-05 2.309105819685260883e+02
3.973262036501854302e-05 2.361154863975235116e+02
4.065811198447505403e-05 2.414376736342315724e+02
4.160516107307946770e-05 2.468797818157096060e+02
4.257426976879424033e-05 2.524445079049973799e+02
4.356595190587750713e-05 2.581346170562093789e+02
4.458073328732481942e-05 2.639529277379616019e+02
4.561915196365683227e-05 2.699023239984557563e+02
4.668175851820084135e-05 2.759857550255723595e+02
4.776911635901732046e-05 2.822062387085905470e+02
4.888180201762635813e-05 2.885668555679786778e+02
5.002040545469228024e-05 2.950707575735193018e+02
5.118553037282861447e-05 3.017211684086768173e+02
5.237779453668921871e-05 3.085213821474796418e+02
5.359783010051524408e-05 3.154747673339259677e+02
5.484628394331171684e-05 3.225847670379394003e+02
5.612381801183132451e-05 3.298549015715417454e+02
5.743110967154736263e-05 3.372887718161953217e+02
5.876885206580185724e-05 3.448900555736810247e+02
6.013775448331935743e-05 3.526625152433294375e+02
6.153854273428120204e-05 3.606099962070587139e+02
6.297195953515966548e-05 3.687364309899111277e+02
6.443876490251610432e-05 3.770458363467146796e+02
6.593973655597173869e-05 3.855423223290972601e+02
6.747567033056494116e-05 3.942300893408049092e+02
6.904738059871349306e-05 4.031134288662166227e+02
7.065570070200562127e-05 4.121967321844253433e+02
7.230148339304870431e-05 4.214844847121258340e+02
7.398560128761005211e-05 4.309812729733048400e+02
7.570894732728930044e-05 4.406917845600018495e+02
7.747243525296786983e-05 4.506208109780349105e+02
7.927700008928646811e-05 4.607732510028193929e+02
8.112359864040756562e-05 4.711541107515109275e+02
8.301320999732557208e-05 4.817685077719340256e+02
8.494683605699389567e-05 4.926216726830242578e+02
8.692550205354393272e-05 5.037189501881764500e+02
8.895025710187781285e-05 5.150658055771814361e+02
9.102217475392294498e-05 5.266678234878160083e+02
9.314235356784352469e-05 5.385307089383395578e+02
9.531191769051057376e-05 5.506602957652557961e+02
9.753201745353950948e-05 5.630625466349663384e+02
9.980382998321118038e-05 5.757435518164083987e+02
1.021285598245998127e-04 5.887095371721154606e+02
1.045074395802387531e-04 6.019668642033341257e+02
1.069417305636626302e-04 6.155220334712320209e+02
1.094327234681725144e-04 6.293816876960790978e+02
1.119817390511785562e-04 6.435526142172395794e+02
1.145901288344830792e-04 6.580417487056862456e+02
1.172592758208753050e-04 6.728561768787106985e+02
1.199905952274177642e-04 6.880031377752352455e+02
1.227855352358130927e-04 7.034900286783738466e+02
1.256455777602491421e-04 7.193244058560347867e+02
1.285722392331295103e-04 7.355139878938042557e+02
1.315670714091060547e-04 7.520666611651193989e+02
1.346316621878397915e-04 7.689904813239775194e+02
1.377676364559262485e-04 7.862936757755292092e+02
1.409766569484318657e-04 8.039846488534254831e+02
1.442604251304982195e-04 8.220719839769974442e+02
1.476206820994812262e-04 8.405644480856141172e+02
1.510592095081041077e-04 8.594709935578104023e+02
1.545778305091132030e-04 8.788007623941165321e+02
1.581784107219376910e-04 8.985630913972336202e+02
1.618628592218657246e-04 9.187675119249686304e+02
1.656331295522614337e-04 9.394237579731466212e+02
1.694912207603593954e-04 9.605417661771402891e+02
1.734391784571860445e-04 9.821316807306538976e+02
1.774790959021696143e-04 1.004203857977473149e+03
1.816131151130140754e-04 1.026768868415253564e+03
1.858434280014252245e-04 1.049837501449805814e+03
1.901722775352913063e-04 1.073420768672063559e+03
1.946019589279342665e-04 1.097529908478170910e+03
1.991348208550622616e-04 1.122176388292629099e+03
2.037732667000685801e-04 1.147371909652529894e+03
2.085197558283373366e-04 1.173128411334515022e+03
2.133768048912315304e-04 1.199458073265513121e+03
2.183469891604549471e-04 1.226373320417892728e+03
2.234329438934953176e-04 1.253886827326473849e+03
2.286373657308726564e-04 1.282011519994801574e+03
2.339630141259338306e-04 1.310760581607079303e+03
2.394127128079511641e-04 1.340147455005596612e+03
2.449893512793011475e-04 1.370185847311398447e+03
2.506958863475168640e-04 1.400889733756324404e+03
2.565353436930263597e-04 1.432273360436392068e+03
2.625108194734085973e-04 1.464351249498215566e+03
2.686254819650171419e-04 1.497138201427443619e+03
2.748825732428421395e-04 1.530649299640620256e+03
2.812854108995014777e-04 1.564899914188609273e+03
2.878373898042722910e-04 1.599905704876193113e+03
2.945419839030956051e-04 1.635682625519438034e+03
3.014027480605084336e-04 1.672246926919386397e+03
3.084233199444799244e-04 1.709615161247722199e+03
3.156074219551512419e-04 1.747804183611533290e+03
3.229588631985012641e-04 1.786831158905668417e+03
3.304815415059850540e-04 1.826713561935507641e+03
3.381794455012157000e-04 1.867469182342647400e+03
3.460566567147852217e-04 1.909116128427423291e+03
3.541173517483463089e-04 1.951672827657575226e+03
3.623658044891016014e-04 1.995158034669095514e+03
3.708063883758755137e-04 2.039590829418434396e+03
3.794435787179690871e-04 2.084990621409501728e+03
3.882819550680284386e-04 2.131377155493716145e+03
3.973262036501841563e-04 2.178770513314473646e+03
4.065811198447492393e-04 2.227191110547730204e+03
4.160516107307933218e-04 2.276659708245512775e+03
4.257426976879410073e-04 2.327197411505340369e+03
4.356595190587736347e-04 2.378825664770074127e+03
4.458073328732467034e-04 2.431566265100779674e+03
4.561915196365667912e-04 2.485441356497815377e+03
4.668175851820068143e-04 2.540473434418850502e+03
4.776911635901715512e-04 2.596685343972030751e+03
4.888180201762618330e-04 2.654100280507060688e+03
5.002040545469209863e-04 2.712741795161231948e+03
5.118553037282843558e-04 2.772633787993000169e+03
5.237779453668903575e-04 2.833800508411636201e+03
5.359783010051505977e-04 2.896266552527598833e+03
5.484628394331152439e-04 2.960056868410185871e+03
5.612381801183112529e-04 3.025196747899771253e+03
5.743110967154715528e-04 3.091711814864724602e+03
5.876885206580164311e-04 3.159628039399833142e+03
6.013775448331914195e-04 3.228971714064536627e+03
6.153854273428097706e-04 3.299769453323031939e+03
6.297195953515943509e-04 3.372048190694633377e+03
6.443876490251586580e-04 3.445835176675741877e+03
6.593973655597149203e-04 3.521157934771858891e+03
6.747567033056469992e-04 3.598044290114892192e+03
6.904738059871325453e-04 3.676522344062072079e+03
7.065570070200537190e-04 3.756620452221555297e+03
7.230148339304845765e-04 3.838367223321054098e+03
7.398560128760980816e-04 3.921791453346309027e+03
7.570894732728905650e-04 4.006922193031402458e+03
7.747243525296762046e-04 4.093788726923564809e+03
7.927700008928622146e-04 4.182420399346828162e+03
8.112359864040731084e-04 4.272846789830065973e+03
8.301320999732531188e-04 4.365097575362964562e+03
8.494683605699362462e-04 4.459202551473215863e+03
8.692550205354366167e-04 4.555191579799027750e+03
8.895025710187752553e-04 4.653094588300512441e+03
9.102217475392264954e-04 4.752941520410332487e+03
9.314235356784321841e-04 4.854762322971887443e+03
9.531191769051026476e-04 4.958586824098475518e+03
9.753201745353918964e-04 5.064444913178834213e+03
9.980382998321084970e-04 5.172366391406829280e+03
1.021285598245994658e-03 5.282380703169485059e+03
1.045074395802383926e-03 5.394517367602551531e+03
1.069417305636622588e-03 5.508805489665022833e+03
1.094327234681721295e-03 5.625273967570416971e+03
1.119817390511781714e-03 5.743951400855321481e+03
1.145901288344826916e-03 5.864866056039761133e+03
1.172592758208749119e-03 5.988045633917816303e+03
1.199905952274173604e-03 6.113517503827170003e+03
1.227855352358126753e-03 6.241308603646056326e+03
1.256455777602487247e-03 6.371444834250934036e+03
1.285722392331290929e-03 6.503951776422026342e+03
1.315670714091056372e-03 6.638854354183948999e+03
1.346316621878393578e-03 6.776176569363228737e+03
1.377676364559257986e-03 6.915941440814754060e+03
1.409766569484314103e-03 7.058171146265861353e+03
1.442604251304977370e-03 7.202886953389389419e+03
1.476206820994807167e-03 7.350108752400967205e+03
1.510592095081035764e-03 7.499855625304798195e+03
1.545778305091126447e-03 7.652144997350832455e+03
1.581784107219371110e-03 7.806993273304991817e+03
1.618628592218651499e-03 7.964414855002973127e+03
1.656331295522608374e-03 8.124423308396544599e+03
1.694912207603587991e-03 8.287029693389213207e+03
1.734391784571854157e-03 8.452243935026788677e+03
1.774790959021689584e-03 8.620073851435885445e+03
1.816131151130133924e-03 8.790524317522487763e+03
1.858434280014245252e-03 8.963599439577401427e+03
1.901722775352905799e-03 9.139301758483910817e+03
1.946019589279335401e-03 9.317628550300774805e+03
1.991348208550615135e-03 9.498576085980339485e+03
2.037732667000678212e-03 9.682138650518607392e+03
2.085197558283365289e-03 9.868306167230257415e+03
2.133768048912307227e-03 1.005706747201272992e+04
2.183469891604541448e-03 1.024840704012247261e+04
2.234329438934944990e-03 1.044230552226801046e+04
2.286373657308718270e-03 1.063874066550870884e+04
2.339630141259329849e-03 1.083768699681652834e+04
2.394127128079502967e-03 1.103911451071043484e+04
2.449893512793002801e-03 1.124299103283913792e+04
2.506958863475159966e-03 1.144927801982815618e+04
2.565353436930254815e-03 1.165793240567073553e+04
2.625108194734077083e-03 1.186890813598624845e+04
2.686254819650162311e-03 1.208215310100838178e+04
2.748825732428412071e-03 1.229761239184136502e+04
2.812854108995005344e-03 1.251522539259044424e+04
2.878373898042713586e-03 1.273492382086045473e+04
2.945419839030946618e-03 1.295663473774370323e+04
3.014027480605074253e-03 1.318028087901517756e+04
3.084233199444788836e-03 1.340577875793849853e+04
3.156074219551502011e-03 1.363303997238405464e+04
3.229588631985002341e-03 1.386196109335129586e+04
3.304815415059840240e-03 1.409243977679131422e+04
3.381794455012146049e-03 1.432436988869891684e+04
3.460566567147840833e-03 1.455759409024846173e+04
3.541173517483451379e-03 1.479204980514982162e+04
3.623658044891004196e-03 1.502765684630091346e+04
3.708063883758742994e-03 1.526417832189720139e+04
3.794435787179678294e-03 1.550152347291710794e+04
3.882819550680271809e-03 1.573956009307202112e+04
3.973262036501828444e-03 1.597803378739868458e+04
4.065811198447478840e-03 1.621683948378143759e+04
4.160516107307919882e-03 1.645561135559213653e+04
4.257426976879396738e-03 1.669455260487957275e+04
4.356595190587723120e-03 1.693327415621556793e+04
4.458073328732453482e-03 1.717127197053193231e+04
4.561915196365654360e-03 1.740888182271632832e+04
4.668175851820054699e-03 1.764573847534807646e+04
4.776911635901701959e-03 1.788129819396000312e+04
4.888180201762604669e-03 1.811546163866849747e+04
5.002040545469195985e-03 1.834817543933632987e+04
5.118553037282829246e-03 1.857900566112363958e+04
5.237779453668888613e-03 1.880781636705241544e+04
5.359783010051490798e-03 1.903419736277060292e+04
5.484628394331137261e-03 1.925796861031111621e+04
5.612381801183096916e-03 1.947885135130870913e+04
5.743110967154699265e-03 1.969646318463976786e+04
5.876885206580148048e-03 1.991061721022688653e+04
6.013775448331897498e-03 2.012093455271151470e+04
6.153854273428080793e-03 2.032709577709611403e+04
6.297195953515927029e-03 2.052880550881742602e+04
6.443876490251569666e-03 2.072573634373224559e+04
6.593973655597132506e-03 2.091758926837808394e+04
6.747567033056451995e-03 2.110384214860697830e+04
6.904738059871306372e-03 2.128432184185554797e+04
7.065570070200517458e-03 2.145868959744973836e+04
7.230148339304825165e-03 2.162621067909409612e+04
7.398560128760959566e-03 2.178772773267539014e+04
7.570894732728883532e-03 2.194106793769476644e+04
7.747243525296739278e-03 2.208691622419040505e+04
7.927700008928598510e-03 2.222507012236090304e+04
8.112359864040706581e-03 2.235509309820788258e+04
8.301320999732506034e-03 2.247660772814270604e+04
8.494683605699337309e-03 2.258840779846720034e+04
8.692550205354339712e-03 2.269101792383210341e+04
8.895025710187725448e-03 2.278370200981261223e+04
9.102217475392236981e-03 2.286647744051970221e+04
9.314235356784293651e-03 2.293895266927472403e+04
9.531191769050997853e-03 2.300070758580110851e+04
9.753201745353889257e-03 2.305032242431439954e+04
9.980382998321055479e-03 2.308869859946302313e+04
1.021285598245991709e-02 2.311567215983340429e+04
1.045074395802380977e-02 2.313003451585681250e+04
1.069417305636619596e-02 2.313180214021566644e+04
1.094327234681718303e-02 2.312087661159090567e+04
1.119817390511778504e-02 2.309711949515315064e+04
1.145901288344823576e-02 2.305966396709819674e+04
1.172592758208745693e-02 2.300882534101120837e+04
1.199905952274170177e-02 2.294430692368286327e+04
1.227855352358123327e-02 2.286541986957220797e+04
1.256455777602483691e-02 2.277273552163281784e+04
1.285722392331287156e-02 2.266590458924970153e+04
1.315670714091052469e-02 2.254440085237339008e+04
1.346316621878389588e-02 2.240861197965938118e+04
1.377676364559253866e-02 2.225842656136483492e+04
1.409766569484309853e-02 2.209387147308136628e+04
1.442604251304973120e-02 2.191502655287331072e+04
1.476206820994802917e-02 2.172192422929656095e+04
1.510592095081031427e-02 2.151463037358586735e+04
1.545778305091122067e-02 2.129347036636364646e+04
1.581784107219366686e-02 2.105868959120213913e+04
1.618628592218646772e-02 2.081084094928685226e+04
1.656331295522603733e-02 2.054987993969695890e+04
1.694912207603583090e-02 2.027657931963347437e+04
1.734391784571849213e-02 1.999111609615728230e+04
1.774790959021684683e-02 1.969454018135943261e+04
1.816131151130128893e-02 1.938711086009675637e+04
1.858434280014240048e-02 1.906973951742479039e+04
1.901722775352900421e-02 1.874314361722208560e+04
1.946019589279329720e-02 1.840822358525468007e+04
1.991348208550609497e-02 1.806580064095961279e+04
2.037732667000672487e-02 1.771695814117728878e+04
2.085197558283359565e-02 1.736263432608546645e+04
2.133768048912301069e-02 1.700419376896242829e+04
2.183469891604535029e-02 1.664248930901436324e+04
2.234329438934938572e-02 1.627873732991509860e+04
2.286373657308711851e-02 1.591427242195207509e+04
2.339630141259323171e-02 1.555022700750088370e+04
2.394127128079496375e-02 1.518782438420660765e+04
2.449893512792996123e-02 1.482829293835574390e+04
2.506958863475152940e-02 1.447277977215724604e+04
2.565353436930247616e-02 1.412249077701728493e+04
2.625108194734069797e-02 1.377858329129546837e+04
2.686254819650154765e-02 1.344207398406019638e+04
2.748825732428404264e-02 1.311411376682546143e+04
2.812854108994997451e-02 1.279557834907767392e+04
2.878373898042705520e-02 1.248709659638990161e+04
2.945419839030938292e-02 1.218965382031353874e+04
3.014027480605065840e-02 1.190378740301984908e+04
3.084233199444780249e-02 1.162995690385149464e+04
3.156074219551493337e-02 1.136849265737061069e+04
3.229588631984993408e-02 1.111949095302062233e+04
3.304815415059830785e-02 1.088300918241625004e+04
3.381794455012136769e-02 1.065876380859927303e+04
3.460566567147831812e-02 1.044635217287563319e+04
3.541173517483441752e-02 1.024515917155806164e+04
3.623658044890994134e-02 1.005442258698253681e+04
3.708063883758732499e-02 9.873034636391843378e+03
3.794435787179667452e-02 9.699793255776527076e+03
3.882819550680260273e-02 9.533230453055322869e+03
3.973262036501816474e-02 9.371790109720192049e+03
4.065811198447466523e-02 9.213701693470287864e+03
4.160516107307907219e-02 9.057047265872191929e+03
4.257426976879383207e-02 8.899880789674964035e+03
4.356595190587708721e-02 8.740222042623880043e+03
4.458073328732438390e-02 8.576081330112678188e+03
4.561915196365638747e-02 8.405610775724398991e+03
4.668175851820038219e-02 8.227142868071361590e+03
4.776911635901685133e-02 8.039287562561014056e+03
4.888180201762587496e-02 7.840976573915198060e+03
5.002040545469178118e-02 7.631616087859565596e+03
5.118553037282810858e-02 7.411059132912930181e+03
5.237779453668869878e-02 7.179733375723621066e+03
5.359783010051471369e-02 6.938668679652649189e+03
5.484628394331117485e-02 6.689412534334021984e+03
5.612381801183077140e-02 6.434096516541163510e+03
5.743110967154679142e-02 6.175298657788817764e+03
5.876885206580127058e-02 5.916014308116180473e+03
6.013775448331876161e-02 5.659473941087501771e+03
6.153854273428058935e-02 5.409011667561812828e+03
6.297195953515904998e-02 5.167885847545995603e+03
6.443876490251547462e-02 4.939131379793167980e+03
6.593973655597110128e-02 4.725378159706771839e+03
6.747567033056429964e-02 4.528704012370837518e+03
6.904738059871284861e-02 4.350526987236718924e+03
7.065570070200495600e-02 4.191494516386926989e+03
7.230148339304802441e-02 4.051404952661076095e+03
7.398560128760936494e-02 3.929220140955606439e+03
7.570894732728859766e-02 3.823042721850286853e+03
7.747243525296715339e-02 3.730193417628329826e+03
7.927700008928574571e-02 3.647269015242867681e+03
8.112359864040681601e-02 3.570360969893695255e+03
8.301320999732481054e-02 3.495249840345779830e+03
8.494683605699311635e-02 3.417736532427939437e+03
8.692550205354314385e-02 3.334025131115466138e+03
8.895025710187699775e-02 3.241086571225984244e+03
9.102217475392211654e-02 3.137090686561726216e+03
9.314235356784267283e-02 3.021589361496131460e+03
9.531191769050970097e-02 2.895715649784966445e+03
9.753201745353860808e-02 2.762050260799901025e+03
9.980382998321025989e-02 2.624350082114214274e+03
1.021285598245988691e-01 2.487107740965545872e+03
1.045074395802377820e-01 2.354987986189418734e+03
1.069417305636616300e-01 2.232250839118992189e+03
1.094327234681714833e-01 2.122217273630010823e+03
1.119817390511775035e-01 2.026865926814303748e+03
1.145901288344819968e-01 1.946587434629179825e+03
1.172592758208741981e-01 1.880131140972260027e+03
1.199905952274166326e-01 1.824737368674978143e+03
1.227855352358119406e-01 1.776548380430040197e+03
1.256455777602479562e-01 1.731332986336024078e+03
1.285722392331282993e-01 1.684582749178213817e+03
1.315670714091048132e-01 1.632131769712503456e+03
1.346316621878385078e-01 1.571912442402780925e+03
1.377676364559249356e-01 1.503927096566716045e+03
1.409766569484305343e-01 1.430324907273018653e+03
1.442604251304968332e-01 1.354731008872485290e+03
1.476206820994797886e-01 1.281258266890564528e+03
1.510592095081026154e-01 1.213551561130234404e+03
1.545778305091116689e-01 1.154123648623707368e+03
1.581784107219361135e-01 1.103951269094900454e+03
1.618628592218641360e-01 1.062272956245498563e+03
1.656331295522598113e-01 1.026702757433184843e+03
1.694912207603577470e-01 9.938184580235506473e+02
1.734391784571843453e-01 9.601942515615451157e+02
1.774790959021678716e-01 9.234438907099877270e+02
1.816131151130122856e-01 8.828387028779028469e+02
1.858434280014233941e-01 8.394009444593575608e+02
1.901722775352894246e-01 7.955278667424316836e+02
1.946019589279323336e-01 7.540997734152691692e+02
1.991348208550602905e-01 7.172706878333666509e+02
2.037732667000665687e-01 6.856254019445146923e+02
2.085197558283352626e-01 6.581928437402605141e+02
2.133768048912293991e-01 6.330747561419613021e+02
2.183469891604527813e-01 6.081842200228417141e+02
2.234329438934931078e-01 5.820745043124129552e+02
2.286373657308704010e-01 5.546212695871868164e+02
2.339630141259315121e-01 5.269148085979362577e+02
2.394127128079487909e-01 5.004491436076347100e+02
2.449893512792987449e-01 4.763773118880699258e+02
2.506958863475143851e-01 4.549910555686133762e+02
2.565353436930238318e-01 4.355309721492564563e+02
2.625108194734060429e-01 4.167891622432858867e+02
2.686254819650145120e-01 3.979520209181356449e+02
2.748825732428394342e-01 3.789099904388297091e+02
2.812854108994987112e-01 3.602306698023380704e+02
2.878373898042694834e-01 3.426805552055658382e+02
2.945419839030927189e-01 3.265566134491571120e+02
3.014027480605054321e-01 3.116305430739769236e+02
3.084233199444768592e-01 2.973664212606075807e+02
3.156074219551481264e-01 2.833355790022555425e+02
3.229588631984980918e-01 2.695829903292601557e+02
3.304815415059818018e-01 2.563954992322767339e+02
3.381794455012123723e-01 2.440278245651126383e+02
3.460566567147818073e-01 2.324412789788397049e+02
3.541173517483428013e-01 2.213918774641484788e+02
3.623658044890980534e-01 2.107080292380798596e+02
3.708063883758718760e-01 2.003875548094231931e+02
3.794435787179653574e-01 1.905674792859096556e+02
3.882819550680246534e-01 1.812853836781548580e+02
3.973262036501802874e-01 1.724794123277584958e+02
4.065811198447452646e-01 1.640360310530042796e+02
4.160516107307892786e-01 1.559435322725240667e+02
4.257426976879368774e-01 1.482274619923593661e+02
4.356595190587694288e-01 1.409080346031698809e+02
4.458073328732423679e-01 1.339406969655852322e+02
4.561915196365623482e-01 1.272848642126470651e+02
4.668175851820022815e-01 1.209369610667285144e+02
4.776911635901669451e-01 1.148944028775803190e+02
4.888180201762571397e-01 1.091498498035592490e+02
5.002040545469161881e-01 1.036762764729597563e+02
5.118553037282793650e-01 9.845880025895120014e+01
5.237779453668852669e-01 9.349616255327977399e+01
5.359783010051453189e-01 8.877467255271712077e+01
5.484628394331099166e-01 8.427836183751922761e+01
5.612381801183058405e-01 7.999971776963302261e+01
5.743110967154659852e-01 7.593100214305671614e+01
5.876885206580108045e-01 7.206023824755803275e+01
6.013775448331856177e-01 6.837770071076664635e+01
6.153854273428038812e-01 6.487618265381080107e+01
6.297195953515883904e-01 6.154776537725715002e+01
6.443876490251525535e-01 5.838395647632309959e+01
6.593973655597087369e-01 5.537649232218391404e+01
6.747567033056406371e-01 5.251799765543245258e+01
6.904738059871260436e-01 4.980150178297778751e+01
7.065570070200470898e-01 4.722017747802792798e+01
7.230148339304777183e-01 4.476773152313133863e+01
7.398560128760910404e-01 4.243810280304108318e+01
7.570894732728833398e-01 4.022543177268157422e+01
7.747243525296687583e-01 3.812433161323625797e+01
7.927700008928545428e-01 3.612931295601220683e+01
8.112359864040652457e-01 3.423538530718401773e+01
8.301320999732451078e-01 3.243747123289791290e+01
8.494683605699281381e-01 3.073085045136838644e+01
8.692550205354283577e-01 2.911083235539945946e+01
8.895025710187668411e-01 2.757353238911471038e+01
9.102217475392179180e-01 2.611490572512957797e+01
9.314235356784233977e-01 2.473107741530099091e+01
9.531191769050936236e-01 2.341848672749786431e+01
9.753201745353826668e-01 2.217334825104751772e+01
9.980382998320991295e-01 2.099249215288352843e+01
1.021285598245985193e+00 1.987270875887007548e+01
1.045074395802374267e+00 1.881099324514806170e+01
1.069417305636612747e+00 1.780423804348533423e+01
1.094327234681711225e+00 1.684982126376871392e+01
1.119817390511771205e+00 1.594528424036448655e+01
1.145901288344816082e+00 1.508796676762294631e+01
1.172592758208738095e+00 1.427542756332583096e+01
1.199905952274162413e+00 1.350554888548139765e+01
1.227855352358115271e+00 1.277597986298724386e+01
1.256455777602475399e+00 1.208484748304338119e+01
1.285722392331278829e+00 1.143020397357744500e+01
1.315670714091043969e+00 1.081007748847541272e+01
1.346316621878380859e+00 1.022272970884073118e+01
1.377676364559244915e+00 9.666522901975717730e+00
1.409766569484300680e+00 9.139837327193376382e+00
1.442604251304963725e+00 8.641177035249926419e+00
1.476206820994793389e+00 8.169086534338903860e+00
1.510592095081021657e+00 7.722145180186183566e+00
1.545778305091112026e+00 7.299087418580475273e+00
1.581784107219356361e+00 6.898664311680528627e+00
1.618628592218636308e+00 6.519699214017566469e+00
1.656331295522592839e+00 6.161104152384629273e+00
1.694912207603572085e+00 5.821799800985385964e+00
1.734391784571837958e+00 5.500776677114790125e+00
1.774790959021673054e+00 5.197062401032836121e+00
1.816131151130117027e+00 4.909751892016914532e+00
1.858434280014227946e+00 4.637996430796177627e+00
1.901722775352888251e+00 4.380957653804123275e+00
1.946019589279317286e+00 4.137899721517727336e+00
1.991348208550596688e+00 3.908024744603188605e+00
2.037732667000659248e+00 3.690672604863941775e+00
2.085197558283346186e+00 3.485168155576769511e+00
2.133768048912287441e+00 3.290879275046593389e+00
2.183469891604520985e+00 3.107212660116098757e+00
2.234329438934924195e+00 2.933588672544764187e+00
2.286373657308697016e+00 2.769501067382888593e+00
2.339630141259307905e+00 2.614406202480626273e+00
2.394127128079480471e+00 2.467841344285040872e+00
2.449893512792979955e+00 2.329340766890523717e+00
2.506958863475136301e+00 2.198462011293565332e+00
2.565353436930230657e+00 2.074813436885834861e+00
2.625108194734052436e+00 1.957993841591795237e+00
2.686254819650137016e+00 1.847634285027445866e+00
2.748825732428386015e+00 1.743393031842487506e+00
2.812854108994978564e+00 1.644927356093371484e+00
2.878373898042685841e+00 1.551923072670193582e+00
2.945419839030918308e+00 1.464096207817751960e+00
3.014027480605045550e+00 1.381155778402534562e+00
3.084233199444759599e+00 1.302834749563941852e+00
3.156074219551471938e+00 1.228884220266698746e+00
3.229588631984971592e+00 1.159065181456296445e+00
3.304815415059808803e+00 1.093148943785217764e+00
3.381794455012113954e+00 1.030919249927876313e+00
3.460566567147808303e+00 9.721790799401569538e-01
3.541173517483418021e+00 9.167336608708784862e-01
3.623658044890970320e+00 8.644029975069836835e-01
3.708063883758708101e+00 8.150154799893294388e-01
3.794435787179642805e+00 7.684040261523066295e-01
3.882819550680235210e+00 7.244210216763390386e-01
3.973262036501790995e+00 6.829176453647055611e-01
4.065811198447440766e+00 6.437575115486644517e-01
4.160516107307880240e+00 6.068128060264351697e-01
4.257426976879355784e+00 5.719574741156678854e-01
4.356595190587681188e+00 5.390753723023258281e-01
4.458073328732410801e+00 5.080571002784975976e-01
4.561915196365610825e+00 4.787990103533211195e-01
4.668175851820009825e+00 4.512047728894069132e-01
4.776911635901655906e+00 4.251784085570235461e-01
4.888180201762557964e+00 4.006331246064495644e-01
5.002040545469148114e+00 3.774854048755137970e-01
5.118553037282779883e+00 3.556585240109472745e-01
5.237779453668838237e+00 3.350775298214822562e-01
5.359783010051438978e+00 3.156708047109301196e-01
5.484628394331084067e+00 2.973723351180315166e-01
5.612381801183042640e+00 2.801250704202157271e-01
5.743110967154644086e+00 2.638638128949254424e-01
5.876885206580091392e+00 2.485344281906154973e-01
6.013775448331839080e+00 2.340855383458261552e-01
6.153854273428021493e+00 2.204665119039755650e-01
6.297195953515865696e+00 2.076303511488636344e-01
6.443876490251506439e+00 1.955328773657301344e-01
6.593973655597067385e+00 1.841323475678833255e-01
6.747567033056386165e+00 1.733874176165136338e-01
6.904738059871239564e+00 1.632632132939046132e-01
7.065570070200449138e+00 1.537231557311356522e-01
7.230148339304755645e+00 1.447342078803332543e-01
7.398560128760887977e+00 1.362652047318647919e-01
7.570894732728810084e+00 1.282861664353840414e-01
7.747243525296664046e+00 1.207691686654088908e-01
7.927700008928521669e+00 1.136878700821183086e-01
8.112359864040627144e+00 1.070172228868396247e-01
8.301320999732425321e+00 1.007338015997723824e-01
8.494683605699254514e+00 9.481541607310493835e-02
8.692550205354255155e+00 8.924101022272469541e-02
8.895025710187638879e+00 8.399130245175268072e-02
9.102217475392148316e+00 7.904730648223179390e-02
9.314235356784202224e+00 7.439022145191091784e-02
9.531191769050902707e+00 7.000553607075127305e-02
9.753201745353791807e+00 6.587656576217468252e-02
9.980382998320955323e+00 6.198865042244504353e-02
1.021285598245981419e+01 5.832804877620769574e-02
1.045074395802370404e+01 5.488158387357248286e-02
1.069417305636608795e+01 5.163628548986624184e-02
1.094327234681707139e+01 4.858158628628376358e-02
1.119817390511767208e+01 4.570591695113415676e-02
1.145901288344811952e+01 4.299837995145343317e-02
1.172592758208733876e+01 4.045005244625022450e-02
1.199905952274158061e+01 3.805072260542453899e-02
1.227855352358110963e+01 3.579286112959632199e-02
1.256455777602471002e+01 3.366764311606065124e-02
1.285722392331274300e+01 3.166751128467189952e-02
1.315670714091039351e+01 2.978513897537754876e-02
1.346316621878376196e+01 2.801379210828991440e-02
1.377676364559240163e+01 2.634679462386539314e-02
1.409766569484295928e+01 2.477800395264290884e-02
1.442604251304958751e+01 2.330173009695389943e-02
1.476206820994788238e+01 2.191247879912170196e-02
1.510592095081016417e+01 2.060572565582454233e-02
1.545778305091106652e+01 1.937612699521567422e-02
1.581784107219350943e+01 1.821918785666332835e-02
1.618628592218630757e+01 1.713069926081728367e-02
1.656331295522587155e+01 1.610678156607720998e-02
1.694912207603566046e+01 1.514343328413622625e-02
1.734391784571831963e+01 1.423721611596990601e-02
1.774790959021666836e+01 1.338493013330402208e-02
1.816131151130110766e+01 1.258312539533269249e-02
1.858434280014221329e+01 1.182895775304288084e-02
1.901722775352881456e+01 1.111961839014124348e-02
1.946019589279310225e+01 1.045247075757965889e-02
1.991348208550589405e+01 9.825033434108707692e-03
2.037732667000651787e+01 9.234963534519202016e-03
2.085197558283338282e+01 8.680006058546092113e-03
2.133768048912279269e+01 8.158110383469755617e-03
2.183469891604512725e+01 7.667441941757871006e-03
2.234329438934915757e+01 7.205940986498448990e-03
2.286373657308688223e+01 6.772027517158228475e-03
2.339630141259299023e+01 6.364075360181130868e-03
2.394127128079471589e+01 5.980469277351792984e-03
2.449893512792970540e+01 5.619816092557580224e-03
2.506958863475126620e+01 5.280727085914787254e-03
2.565353436930220710e+01 4.961932777551735299e-03
2.625108194734042399e+01 4.662240247427928627e-03
2.686254819650126890e+01 4.380501135907803427e-03
2.748825732428375801e+01 4.115658615368414548e-03
2.812854108994968172e+01 3.866699543341687532e-03
2.878373898042675449e+01 3.632679078400968646e-03
2.945419839030907738e+01 3.412715583683434677e-03
3.014027480605034626e+01 3.205964496713077736e-03
3.084233199444748408e+01 3.011642106171461952e-03
3.156074219551460303e+01 2.828995282365129489e-03
3.229588631984959335e+01 2.657335631172239292e-03
3.304815415059795924e+01 2.496031606960410001e-03
3.381794455012101253e+01 2.344421787326637224e-03
3.460566567147795070e+01 2.201940873177515422e-03
3.541173517483404254e+01 2.068066515630070240e-03
3.623658044890956376e+01 1.942252223675017741e-03
3.708063883758693891e+01 1.824047927524414560e-03
3.794435787179628505e+01 1.712963933687522986e-03
3.882819550680220999e+01 1.608599095258648679e-03
3.973262036501776606e+01 1.510527096558807831e-03
4.065811198447426023e+01 1.418387004581488304e-03
4.160516107307865497e+01 1.331828571358492598e-03
4.257426976879340685e+01 1.250498414348749383e-03
4.356595190587665201e+01 1.174103846184054159e-03
4.458073328732394458e+01 1.102333133136261609e-03
4.561915196365593772e+01 1.034908740928252744e-03
4.668175851819992062e+01 9.715687205975338109e-04
4.776911635901637965e+01 9.120747330236952596e-04
4.888180201762538957e+01 8.561917825509210520e-04
5.002040545469128574e+01 8.037023981084248040e-04
5.118553037282759988e+01 7.543982921287930351e-04
5.237779453668817808e+01 7.080900861779802031e-04
5.359783010051418017e+01 6.645990512543736677e-04
5.484628394331062395e+01 6.237540411166505759e-04
5.612381801183020258e+01 5.853930612979360440e-04
5.743110967154620994e+01 5.493706508100084035e-04
5.876885206580067944e+01 5.155407730520329647e-04
6.013775448331815454e+01 4.837762712029208497e-04
6.153854273427997157e+01 4.539462540743030398e-04
6.297195953515841182e+01 4.259333573798776743e-04
6.443876490251481925e+01 3.996336161307244977e-04
6.593973655597042693e+01 3.749402410220493086e-04
6.747567033056360231e+01 3.517538939651512048e-04
6.904738059871212386e+01 3.299844297500653580e-04
7.065570070200421071e+01 3.095473303971442371e-04
7.230148339304726335e+01 2.903610598095697254e-04
7.398560128760858845e+01 2.723471800810817059e-04
7.570894732728780241e+01 2.554390383292448803e-04
7.747243525296633493e+01 2.395669506550881275e-04
7.927700008928489694e+01 2.246681280364965232e-04
8.112359864040595880e+01 2.106833234472561497e-04
8.301320999732392636e+01 1.975572379333172604e-04
8.494683605699221118e+01 1.852368981383432651e-04
8.692550205354221760e+01 1.736752896343224731e-04
8.895025710187604773e+01 1.628235691590873557e-04
9.102217475392113499e+01 1.526393404519237192e-04
9.314235356784166697e+01 1.430821521058782636e-04
9.531191769050867890e+01 1.341132523258646786e-04
9.753201745353756280e+01 1.256984973044689418e-04
9.980382998320918375e+01 1.178021048220883140e-04
1.021285598245977724e+02 1.103928522858808094e-04
1.045074395802366638e+02 1.034427739988873516e-04
1.069417305636604851e+02 9.692101041650210899e-05
1.094327234681703089e+02 9.080346906420996356e-05
1.119817390511762909e+02 8.506377052686200967e-05
1.145901288344807654e+02 7.968037119131611069e-05
1.172592758208729435e+02 7.463060784771074552e-05
1.199905952274153549e+02 6.989395794023028940e-05
1.227855352358106273e+02 6.545148543418589785e-05
1.256455777602466242e+02 6.128529617446758075e-05
1.285722392331269361e+02 5.737820999369523526e-05
1.315670714091034199e+02 5.371413388004253088e-05
1.346316621878370938e+02 5.027842905093832081e-05
1.377676364559234798e+02 4.705791170052621094e-05
1.409766569484290528e+02 4.403773643892190773e-05
1.442604251304953209e+02 4.120633340308976837e-05
1.476206820994782447e+02 3.855243714492081336e-05
1.510592095081010484e+02 3.606467502603028343e-05
1.545778305091100719e+02 3.373304508022472001e-05
1.581784107219344833e+02 3.154786327869513955e-05
1.618628592218624647e+02 2.949980642377555198e-05
1.656331295522580831e+02 2.758106482828266080e-05
1.694912207603559864e+02 2.578329148658253160e-05
1.734391784571825497e+02 2.409887128197693741e-05
1.774790959021660228e+02 2.252109676683681917e-05
1.816131151130103945e+02 2.104329120578174274e-05
1.858434280014214437e+02 1.965904806103554818e-05
1.901722775352874351e+02 1.836276288796307257e-05
1.946019589279302977e+02 1.714922760967423288e-05
1.991348208550581944e+02 1.601288511040044416e-05
