# k[h/Mpc]    Pk[Mpc^3/h^3] (CDM+baryons, z=0, sum m_nu = 0.3 eV)
1.000000000000000048e-04 4.306116206000227180e+02
1.018192851288654056e-04 4.381415821952774650e+02
1.036716682415320324e-04 4.458031058513951166e+02
1.055577514846969182e-04 4.535984847286586046e+02
1.074781479598227148e-04 4.615300517129465447e+02
1.094334819224358437e-04 4.696001790266150806e+02
1.114243889850503427e-04 4.778112791803678761e+02
1.134515163237845173e-04 4.861658064296976818e+02
1.155155228887354377e-04 4.946662575077594965e+02
1.176170796181814416e-04 5.033151723543500111e+02
1.197568696566808123e-04 5.121151348572643656e+02
1.219355885771395451e-04 5.210687736062287740e+02
1.241539446069180779e-04 5.301787626596103564e+02
1.264126588580515400e-04 5.394478223241362684e+02
1.287124655616594384e-04 5.488787199478264256e+02
1.310541123066188615e-04 5.584742707263654893e+02
1.334383602825797493e-04 5.682373385231339853e+02
1.358659845274025704e-04 5.781708362754906148e+02
1.383377741790963323e-04 5.882777246201985690e+02
1.408545327323400568e-04 5.985610141983991070e+02
1.434170782996723684e-04 6.090237674453774162e+02
1.460262438774317321e-04 6.196690994712839711e+02
1.486828776165345905e-04 6.305001789549224895e+02
1.513878430981813628e-04 6.415202290524237014e+02
1.541420196145766618e-04 6.527325283210333282e+02
1.569463024547576211e-04 6.641404116582942834e+02
1.598016031956211612e-04 6.757472712568340967e+02
1.627088499982476107e-04 6.875565575750376865e+02
1.656689879096138421e-04 6.995717803238566148e+02
1.686829791697952625e-04 7.117965094689733405e+02
1.717518035247584925e-04 7.242343745976412492e+02
1.748764585448427458e-04 7.368890624003075800e+02
1.780579599490355648e-04 7.497643214804002127e+02
1.812973419351494885e-04 7.628639643135506958e+02
1.845956575160039546e-04 7.761918683124223435e+02
1.879539788617241337e-04 7.897519769087524537e+02
1.913733976482663102e-04 8.035483006528651231e+02
1.948550254122856829e-04 8.175849183309471755e+02
1.983999939124585297e-04 8.318659781003395892e+02
2.020094554973777819e-04 8.463956986431134055e+02
2.056845834801435461e-04 8.611783703382707245e+02
2.094265725197667807e-04 8.762183564527643966e+02
2.132366390095114320e-04 8.915200942732055864e+02
2.171160214723039149e-04 9.070880912151782240e+02
2.210659809633339990e-04 9.229269224693711067e+02
2.250878014799803737e-04 9.390412393318279101e+02
2.291827903791957422e-04 9.554357711658520884e+02
2.333522788024834985e-04 9.721153266665514820e+02
2.375976221086056330e-04 9.890847951448067761e+02
2.419202003141653350e-04 1.006349147830960646e+03
2.463214185422023359e-04 1.023913439198447122e+03
2.508027074789512386e-04 1.041782808307700179e+03
2.553655238389076002e-04 1.059962480170604977e+03
2.600113508383580818e-04 1.078457767135765152e+03
2.647416986775227160e-04 1.097274070294906096e+03
2.695581050314685314e-04 1.116416880192181452e+03
2.744621355499574371e-04 1.135891765564914749e+03
2.794553843663845458e-04 1.155704375345054814e+03
2.845394746159758551e-04 1.175860450781967984e+03
2.897160589634161019e-04 1.196365827259427533e+03
2.949868201400724570e-04 1.217226435750957535e+03
3.003534714909940903e-04 1.238448304295592834e+03
3.058177575318607564e-04 1.260037559494339121e+03
3.113814545160675839e-04 1.282000428027497264e+03
3.170463710121235027e-04 1.304343238193159323e+03
3.228143484915545593e-04 1.327072421467094500e+03
3.286872619275051630e-04 1.350194514084282673e+03
3.346670204042274878e-04 1.373716158642318305e+03
3.407555677376585749e-04 1.397644102154401935e+03
3.469548831072907032e-04 1.421985172339067503e+03
3.532669816995344099e-04 1.446746292124225647e+03
3.596939153627857458e-04 1.471934494034703221e+03
3.662377732744146039e-04 1.497556921845704892e+03
3.729006826198842401e-04 1.523620832175801524e+03
3.796848092842254412e-04 1.550133596098668022e+03
3.865923585560943217e-04 1.577102700773770039e+03
3.936255758446357959e-04 1.604535751096052763e+03
4.007867474093881042e-04 1.632440471364769564e+03
4.080782011034704971e-04 1.660824706971627393e+03
4.155023071302878300e-04 1.689696426108275546e+03
4.230614788140018689e-04 1.719063721493308776e+03
4.307581733840231200e-04 1.748934799081204801e+03
4.385948927737709220e-04 1.779317940227319468e+03
4.465741844339673225e-04 1.810221538744764757e+03
4.546986421607269535e-04 1.841654114455109493e+03
4.629709069387099988e-04 1.873624314776172696e+03
4.713936677996192776e-04 1.906140916322200610e+03
4.799696626963114669e-04 1.939212826516289624e+03
4.887016793928109122e-04 1.972849085214965271e+03
4.975925563705199022e-04 2.007058866344779972e+03
5.066451837509105497e-04 2.041851479550819249e+03
5.158625042350036471e-04 2.077236371856905407e+03
5.252475140599437630e-04 2.113223129337507544e+03
5.348032639729722064e-04 2.149821478535830011e+03
5.445328602231193230e-04 2.187041251164286678e+03
5.544394655709439885e-04 2.224892344233042422e+03
5.645263003166376423e-04 2.263384783319329017e+03
5.747966433468323271e-04 2.302528732615215176e+03
5.852538332004588112e-04 2.342334496290914103e+03
5.959012691539901374e-04 2.382812519856491235e+03
6.067424123264289265e-04 2.423973391521665235e+03
6.177807868044028370e-04 2.465827843553151070e+03
6.290199807877237988e-04 2.508386753628873066e+03
6.404636477557869127e-04 2.551661146188666862e+03
6.521155076551968374e-04 2.595662193780848611e+03
6.639793481089937589e-04 2.640401218404052997e+03
6.760590256478781488e-04 2.685889689387115595e+03
6.883584669638424022e-04 2.732139132423745650e+03
7.008816701866015138e-04 2.779161113592078891e+03
7.136327061832506164e-04 2.826967333821994544e+03
7.266157198815622470e-04 2.875569634717989175e+03
7.398349316173659113e-04 2.924979999228327415e+03
7.532946385064322441e-04 2.975210552285889662e+03
7.669992158413210326e-04 3.026273561419760426e+03
7.809531185136364337e-04 3.078181437336355884e+03
7.951608824621657834e-04 3.130946734469003786e+03
8.096271261473557369e-04 3.184582151494664686e+03
8.243565520526149317e-04 3.239100531816767671e+03
8.393539482129358346e-04 3.294514864012803173e+03
8.546241897713193272e-04 3.350838264009621525e+03
8.701722405635155082e-04 3.408083797211978890e+03
8.860031547316025383e-04 3.466264541782383731e+03
9.021220783669138630e-04 3.525393697498618167e+03
9.185342511828547196e-04 3.585484586585891975e+03
9.352450082181596814e-04 3.646550652952410019e+03
9.522597815711297603e-04 3.708605461353459305e+03
9.695841021654195762e-04 3.771662696482078900e+03
9.872236015479583272e-04 3.835736161984596038e+03
1.005184013719570731e-03 3.900839779399032523e+03
1.023471176998903354e-03 3.966987587014585188e+03
1.042091035920268260e-03 4.034193738650292289e+03
1.061049643166006237e-03 4.102472502350830837e+03
1.080353161534003880e-03 4.171838158757630481e+03
1.100007865941020346e-03 4.242304579225415182e+03
1.120020145462436367e-03 4.313885538885644564e+03
1.140396505409130030e-03 4.386594866507367442e+03
1.161143569442140474e-03 4.460446440686089772e+03
1.182268081725779563e-03 4.535454185828431036e+03
1.203776909119937686e-03 4.611632067986596667e+03
1.225677043412273662e-03 4.688994090540409161e+03
1.247975603590990466e-03 4.767554289724653245e+03
1.270679838158989732e-03 4.847326729999021154e+03
1.293797127490108707e-03 4.928325499258765376e+03
1.317334986228223953e-03 5.010564703883394031e+03
1.341301065730015436e-03 5.094058463214840231e+03
1.365703156552156234e-03 5.178820725752722865e+03
1.390549190983755108e-03 5.264864965584020865e+03
1.415847245624880920e-03 5.352204536068938069e+03
1.441605544011986383e-03 5.440852732008936982e+03
1.467832459291095685e-03 5.530822781846492035e+03
1.494536516939638099e-03 5.622127839651302565e+03
1.521726397537785614e-03 5.714780976891653154e+03
1.549410939590209870e-03 5.808795173989276918e+03
1.577599142399188420e-03 5.904183311656630394e+03
1.606300168989966727e-03 6.000958162015622293e+03
1.635523349089341256e-03 6.099132379496329122e+03
1.665278182158445083e-03 6.198718491515520327e+03
1.695574340480695760e-03 6.299728874598094080e+03
1.726421672305918737e-03 6.402175120492976930e+03
1.757830205051689977e-03 6.506067736292887275e+03
1.789810148562901533e-03 6.611416896419937984e+03
1.822371898430628434e-03 6.718232489424940468e+03
1.855526039371401025e-03 6.826524103632270453e+03
1.889283348667912315e-03 6.936301012514017202e+03
1.923654799672356013e-03 7.047572159796588494e+03
1.958651565373502844e-03 7.160346144303567598e+03
1.994285022028632545e-03 7.274631204538667589e+03
2.030566752861590052e-03 7.390435203013389582e+03
2.067508551828088018e-03 7.507765610324342560e+03
2.105122427449517258e-03 7.626629488985398893e+03
2.143420606716516918e-03 7.747033419353232603e+03
2.182415539063549490e-03 7.868982691637719654e+03
2.222119900415780395e-03 7.992481436021806985e+03
2.262546597309603950e-03 8.117533192666262948e+03
2.303708771088110261e-03 8.244140906321812508e+03
2.345619802172884284e-03 8.372306905735622422e+03
2.388293314413537840e-03 8.502032882856827200e+03
2.431743179516352837e-03 8.633319871854608209e+03
2.475983521553492845e-03 8.766168227963738900e+03
2.521028721554273606e-03 8.900577606172919332e+03
2.566893422179938791e-03 9.036546939772038968e+03
2.613592532483482739e-03 9.174074418775531740e+03
2.661141232756091858e-03 9.313157468239534865e+03
2.709554979461731641e-03 9.453792621039630831e+03
2.758849510261511279e-03 9.595974893585134851e+03
2.809040849129475128e-03 9.739698136521810738e+03
2.860145311561445615e-03 9.884955280385587685e+03
2.912179509878621078e-03 1.003173831270805385e+04
2.965160358627711400e-03 1.018003825440805485e+04
3.019105080079240774e-03 1.032984513625018189e+04
3.074031209825939682e-03 1.048114797539862775e+04
3.129956602482987689e-03 1.063393475209637472e+04
3.186899437491901629e-03 1.078819238650007719e+04
3.244878225030087531e-03 1.094390671570269114e+04
3.303911812027855201e-03 1.110106247097636333e+04
3.364019388294905554e-03 1.125964325524225387e+04
3.425220492758303866e-03 1.141963141008999264e+04
3.487535019813910002e-03 1.158100772998033426e+04
3.550983225793357713e-03 1.174375171184320425e+04
3.615585735548721910e-03 1.190784160557807991e+04
3.681363549156942572e-03 1.207325439273300253e+04
3.748338048746226604e-03 1.223996576568322416e+04
3.816531005446670635e-03 1.240795010735091091e+04
3.885964586467303538e-03 1.257718047150921666e+04
3.956661362301879675e-03 1.274762856371446651e+04
4.028644314065801639e-03 1.291926472291090067e+04
4.101936840966486156e-03 1.309205790375331526e+04
4.176562767909641240e-03 1.326597565969346942e+04
4.252546353243950861e-03 1.344098412145284419e+04
4.329912296646630868e-03 1.361704754479838812e+04
4.408685747152437870e-03 1.379412794627447329e+04
4.488892311328791275e-03 1.397218574210383667e+04
4.570558061599583680e-03 1.415117980777875891e+04
4.653709544720419609e-03 1.433106746593412754e+04
4.738373790408112810e-03 1.451180447540555178e+04
4.824578320127069324e-03 1.469334502152535424e+04
4.912351156035600803e-03 1.487564170771288263e+04
5.001720830095009521e-03 1.505864554841229801e+04
5.092716393344296974e-03 1.524230596343284742e+04
5.185367425343695783e-03 1.542657077374644905e+04
5.279704043790010327e-03 1.561138619879594626e+04
5.375756914306787163e-03 1.579669674859460065e+04
5.473557260412724793e-03 1.598244309932230499e+04
5.573136873671352513e-03 1.616856210194001505e+04
5.674528124025369699e-03 1.635498872147837756e+04
5.777763970319049064e-03 1.654165612129166038e+04
5.882877971012012881e-03 1.672849567031135302e+04
5.989904295087934011e-03 1.691543695256581486e+04
6.098877733161739596e-03 1.710240777903183698e+04
6.209833708788841528e-03 1.728933420187954471e+04
6.322808289980108576e-03 1.747614053117301955e+04
6.437838200926385319e-03 1.766274935408457532e+04
6.554960833936262360e-03 1.784908155668123800e+04
6.674214261591017439e-03 1.803505634833656950e+04
6.795637249120757215e-03 1.822059039692981241e+04
6.919269267005656761e-03 1.840559093963817577e+04
7.045150503806445370e-03 1.858995926419662283e+04
7.173321879228382672e-03 1.877359457118390856e+04
7.303825057422841556e-03 1.895639404974608260e+04
7.436702460530880687e-03 1.913825292619647735e+04
7.571997282473287398e-03 1.931906451693716735e+04
7.709753502991424298e-03 1.949872028576962475e+04
7.850015901943519989e-03 1.967710990565319298e+04
7.992830073861156154e-03 1.985412132496445338e+04
8.138242442770402332e-03 2.002964083830309391e+04
8.286300277282729679e-03 2.020355316188095458e+04
8.437051705960476808e-03 2.037574151352525223e+04
8.590545732961701528e-03 2.054608486834380165e+04
8.746832253969855087e-03 2.071444871534000777e+04
8.905962072413141362e-03 2.088069361827542161e+04
9.067986915978947307e-03 2.104467844673785658e+04
9.232959453428814245e-03 2.120626050117544946e+04
9.400933311719227026e-03 2.136529564486383970e+04
9.571963093433890138e-03 2.152163844281735510e+04
9.746104394533217086e-03 2.167514230761673025e+04
9.923413822426669154e-03 2.182565965210869763e+04
1.010394901437385203e-02 2.197304204891189511e+04
1.028776865622049903e-02 2.211714039664473603e+04
1.047493250147520615e-02 2.225780509277024976e+04
1.066550139073323480e-02 2.239488616750647270e+04
1.085953727145377856e-02 2.252822494806533723e+04
1.105710321809694544e-02 2.265764392477977890e+04
1.125826345262708091e-02 2.278296278197438733e+04
1.146308336538921606e-02 2.290400106432797475e+04
1.167162953636518598e-02 2.302057844643799763e+04
1.188396975681655331e-02 2.313251501194166849e+04
1.210017305132118047e-02 2.323963154185705935e+04
1.232030970021084568e-02 2.334174981176488654e+04
1.254445126241695782e-02 2.343869289740806926e+04
1.277267059873187817e-02 2.353028548824009340e+04
1.300504189549357356e-02 2.361635420841008818e+04
1.324164068870101706e-02 2.369672794462636739e+04
1.348254388856834698e-02 2.377123775518373805e+04
1.372782980452582312e-02 2.383970429170553325e+04
1.397757817067552845e-02 2.390193564524066096e+04
1.423187017171016755e-02 2.395774238549433721e+04
1.449078846930352236e-02 2.400693888609528221e+04
1.475441722898090599e-02 2.404934376802955740e+04
1.502284214747852745e-02 2.408478034877727987e+04
1.529615048060052954e-02 2.411307709600672388e+04
1.557443107158297015e-02 2.413406808461652327e+04
1.585777437997368949e-02 2.414759345584797848e+04
1.614627251103758002e-02 2.415349987713216251e+04
1.644001924569696987e-02 2.415164100127288839e+04
1.673911007101656218e-02 2.414187792351412645e+04
1.704364221124297918e-02 2.412407895945238852e+04
1.735371465940915153e-02 2.409811294471978181e+04
1.766942820951353937e-02 2.406385251614845401e+04
1.799088548928476708e-02 2.402117956100969241e+04
1.831819099354253105e-02 2.396998577228081922e+04
1.865145111816521317e-02 2.391017310933414046e+04
1.899077419467561437e-02 2.384165424592391355e+04
1.933627052545575792e-02 2.376435300352436025e+04
1.968805241960255858e-02 2.367820476805232829e+04
2.004623422943563674e-02 2.358315688800133648e+04
2.041093238766928872e-02 2.347916905201360350e+04
2.078226544526092998e-02 2.336621364392700343e+04
2.116035410994791810e-02 2.324427607335297216e+04
2.154532128548546088e-02 2.311336102925052910e+04
2.193729211159857126e-02 2.297351904312818806e+04
2.233639400466067362e-02 2.282482444811906680e+04
2.274275669911225012e-02 2.266736419697100064e+04
2.315651228963324162e-02 2.250123784663216793e+04
2.357779527408245326e-02 2.232655752135995499e+04
2.400674259721816833e-02 2.214344784449504732e+04
2.444349369521435500e-02 2.195204583851326606e+04
2.488819054098654476e-02 2.175250079307593114e+04
2.534097769034242970e-02 2.154497410090838093e+04
2.580200232897193052e-02 2.132963906145331202e+04
2.627141432029242440e-02 2.110668065236105031e+04
2.674936625416414818e-02 2.087629536983014259e+04
2.723601349649189957e-02 2.063876316164455420e+04
2.773151423972935320e-02 2.039456883454401031e+04
2.823602955430197167e-02 2.014422767527495671e+04
2.874972344096543217e-02 1.988824916582652440e+04
2.927276288411684996e-02 1.962713578482253797e+04
2.980531790607564985e-02 1.936138189238356790e+04
3.034756162235194635e-02 1.909147269908188900e+04
3.089967029792066097e-02 1.881788331911594651e+04
3.146182340451917497e-02 1.854107790736869720e+04
3.203420367898752313e-02 1.826150887957989471e+04
3.261699718266979769e-02 1.797961621446514255e+04
3.321039336189655911e-02 1.769582683624801575e+04
3.381458510956728697e-02 1.741055843550154532e+04
3.442976882785318132e-02 1.712439508205674792e+04
3.505614449204105115e-02 1.683813315602270814e+04
3.569391571553836434e-02 1.655254219076847585e+04
3.634328981606090719e-02 1.626834715794028125e+04
3.700447788302495961e-02 1.598622878384617434e+04
3.767769484616516340e-02 1.570682416200348052e+04
3.836315954540073236e-02 1.543072763218003274e+04
3.906109480197312439e-02 1.515849189701192518e+04
3.977172749087744263e-02 1.489062934831001257e+04
4.049528861461189344e-02 1.462761357643624433e+04
4.123201337826865737e-02 1.436988103758951729e+04
4.198214126599129209e-02 1.411783284748639926e+04
4.274591611882278680e-02 1.387183644715254195e+04
4.352358621396981014e-02 1.363222758119746140e+04
4.431540434550947788e-02 1.339931268422703033e+04
4.512162790656396028e-02 1.317337103649766141e+04
4.594251897297006032e-02 1.295465694463702675e+04
4.677834438847147669e-02 1.274340195414333357e+04
4.762937585146043151e-02 1.253981708338165481e+04
4.849589000329746630e-02 1.234409490933582856e+04
4.937816851823838976e-02 1.215628934075300640e+04
5.027649819499679928e-02 1.197611113788548755e+04
5.119117104997271406e-02 1.180322803376493721e+04
5.212248441217692818e-02 1.163732455638569809e+04
5.307074101988284998e-02 1.147810102273459052e+04
5.403624911903631006e-02 1.132523368461596510e+04
5.501932256345561101e-02 1.117810769419953613e+04
5.602028091685504890e-02 1.103599330478292541e+04
5.703944955672407557e-02 1.089819528318966695e+04
5.807715978009624774e-02 1.076402689946989085e+04
5.913374891124294208e-02 1.063259474059979766e+04
6.020956041132585757e-02 1.050291247149279661e+04
6.130494399004434575e-02 1.037403738913127017e+04
6.242025571931449079e-02 1.024498092718378939e+04
6.355585814901575092e-02 1.011465699430940003e+04
6.471212042484364435e-02 9.982023721769459371e+03
6.588941840830631058e-02 9.846067648641947017e+03
6.708813479890453346e-02 9.705789419777363946e+03
6.830865925853425724e-02 9.560259450949703023e+03
6.955138853815211186e-02 9.408655584011548854e+03
7.081672660674612207e-02 9.250259938697312464e+03
7.210508478265199861e-02 9.084482677939337009e+03
7.341688186725858767e-02 8.910960139232109213e+03
7.475254428114630478e-02 8.729456927093115155e+03
7.611250620270181011e-02 8.540014612331782700e+03
7.749720970925433328e-02 8.342870031970020136e+03
7.890710492078044369e-02 8.138499746296251942e+03
8.034265014622242462e-02 7.927657217565916653e+03
8.180431203246910088e-02 7.711266087059524580e+03
8.329256571604647108e-02 7.490562200707129705e+03
8.480789497756895112e-02 7.266878477218013359e+03
8.635079239899974557e-02 7.041826307651893330e+03
8.792175952377219439e-02 6.817038989079157545e+03
8.952130701982498329e-02 6.594328619723694828e+03
9.114995484560270422e-02 6.375451766622455580e+03
9.280823241907629195e-02 6.162217921891891820e+03
9.449667878983940283e-02 5.956301592638579677e+03
9.621584281433476216e-02 5.759274567882453994e+03
9.796628333426847524e-02 5.572505681819930032e+03
9.974856935827097759e-02 5.397126300236192947e+03
1.015632802468619950e-01 5.234013964068110909e+03
1.034110059007811722e-01 5.083677729281376742e+03
1.052923469527442119e-01 4.946349624382745787e+03
1.072079149626888606e-01 4.821843044003635441e+03
1.091583326165718459e-01 4.709671994010350318e+03
1.111442339287825876e-01 4.608907823826782987e+03
1.131662644482403085e-01 4.518322530500214270e+03
1.152250814682397734e-01 4.436318557368094844e+03
1.173213542401145143e-01 4.361028251318865841e+03
1.194557641907884188e-01 4.290340038406569874e+03
1.216290051442840969e-01 4.221990698767086542e+03
1.238417835472609974e-01 4.153661503708683085e+03
1.260948186986580177e-01 4.083089762184356005e+03
1.283888429835126355e-01 4.008177245579523969e+03
1.307246021110340384e-01 3.927202543268455429e+03
1.331028553570085537e-01 3.838842218010049692e+03
1.355243758106138563e-01 3.742407235341954674e+03
1.379899506257241670e-01 3.637781209196548843e+03
1.405003812767867122e-01 3.525574902597938035e+03
1.430564838193544852e-01 3.407015910932673705e+03
1.456590891553579126e-01 3.283902955448358171e+03
1.483090433032021316e-01 3.158499431854723298e+03
1.510072076727798640e-01 3.033292617605536634e+03
1.537544593454858166e-01 2.910911202076045811e+03
1.565516913593256454e-01 2.793821332484858431e+03
1.593998129992131307e-01 2.684200893090517184e+03
1.622997500925472680e-01 2.583759582822141510e+03
1.652524453101666957e-01 2.493568628430376975e+03
1.682588584727810199e-01 2.414060838081789825e+03
1.713199668629750150e-01 2.344914561784509715e+03
1.744367655428904484e-01 2.285093302312362994e+03
1.776102676776860900e-01 2.232921234827791523e+03
1.808415048648842893e-01 2.186325460239570930e+03
1.841315274697077342e-01 2.142997541707828987e+03
1.874814049665168569e-01 2.100348278792062501e+03
1.908922262864606312e-01 2.055853868891089860e+03
1.943651001714505333e-01 2.007390684999826362e+03
1.979011555345740747e-01 1.953512082177463981e+03
2.015015418270673930e-01 1.893916376193833003e+03
2.051674294119619768e-01 1.829133186673511773e+03
2.089000099445292302e-01 1.760558421501943258e+03
2.127004967596484164e-01 1.690161634249054941e+03
2.165701252662195486e-01 1.620245212962486221e+03
2.205101533487533183e-01 1.553059611821817498e+03
2.245218617762654856e-01 1.490573130097037165e+03
2.286065546186128450e-01 1.434075734661324304e+03
2.327655596704011065e-01 1.384261763948689122e+03
2.370002288826050518e-01 1.340859129271483198e+03
2.413119388020432687e-01 1.303026235516613497e+03
2.457020910188459084e-01 1.269158897794807444e+03
2.501721126220631253e-01 1.237424037071298244e+03
2.547234566635647179e-01 1.205813986987873704e+03
2.593576026303771598e-01 1.172728937093183731e+03
2.640760569256134782e-01 1.137030698176032274e+03
2.688803533581552996e-01 1.098553648573858254e+03
2.737720536412410199e-01 1.057779431819475576e+03
2.787527479001258301e-01 1.016052738903872068e+03
2.838240551889765206e-01 9.749100613125129939e+02
2.889876240171723176e-01 9.359391122822440821e+02
2.942451328851785064e-01 9.002654403969816030e+02
2.995982908301688674e-01 8.683575862579526756e+02
3.050488379815770590e-01 8.399894342135004308e+02
3.105985461267529724e-01 8.142805679691372234e+02
3.162492192869091334e-01 7.900643899219819559e+02
3.220026943035488309e-01 7.660750324401861917e+02
3.278608414355596024e-01 7.414677885380039015e+02
3.338255649671697523e-01 7.157807606446359614e+02
3.398988038269684098e-01 6.893088994427993157e+02
3.460825322181838581e-01 6.626636889304387523e+02
3.523787602604305236e-01 6.367844916308371239e+02
3.587895346431287935e-01 6.124429434824276086e+02
3.653169392908166557e-01 5.900335585562986580e+02
3.719630960405611586e-01 5.695351841403047501e+02
3.787301653316944572e-01 5.504099610574426151e+02
3.856203469081013746e-01 5.320463669886677280e+02
3.926358805332800794e-01 5.138112435127951585e+02
3.997790467184118013e-01 4.954445401796299393e+02
4.070521674636797815e-01 4.770199587469023186e+02
4.144576070130712719e-01 4.588461274339832698e+02
4.219977726229114934e-01 4.413565972059149658e+02
4.296751153443834070e-01 4.247931200032643346e+02
4.374921308202791015e-01 4.092491234160012255e+02
4.454513600962493047e-01 3.945693699171595199e+02
4.535553904468090924e-01 3.804692035860352917e+02
4.618068562163753499e-01 3.667153160664607867e+02
4.702084396756012197e-01 3.531305219431563955e+02
4.787628718932894767e-01 3.397625441808554001e+02
4.874729336241730993e-01 3.268050460375321222e+02
4.963414562128421470e-01 3.143927102272708112e+02
5.053713225141164278e-01 3.026023045603558330e+02
5.145654678301662122e-01 2.913948564855051586e+02
5.239268808646776465e-01 2.805779185072705104e+02
5.334586046943771143e-01 2.700180363940417010e+02
5.431637377582348991e-01 2.597433245728086035e+02
5.530454348646605123e-01 2.498036327512003254e+02
5.631069082170223616e-01 2.402343147100229999e+02
5.733514284578283826e-01 2.310605846637157015e+02
5.837823257318991432e-01 2.222702439847592757e+02
5.944029907688848091e-01 2.137995882221136696e+02
6.052168759854743563e-01 2.055930567603122938e+02
6.162274966076619620e-01 1.976499693399183570e+02
6.274384318134254013e-01 1.899952002512081322e+02
6.388533258961933692e-01 1.826432810951569934e+02
6.504758894494848676e-01 1.755765597837123551e+02
6.623099005730950228e-01 1.687699509126190094e+02
6.743592061012246841e-01 1.622030713942168632e+02
6.866277228529591437e-01 1.558698415920868854e+02
6.991194389054908864e-01 1.497685682492526382e+02
7.118384148905058106e-01 1.438967703198452170e+02
7.247887853141601333e-01 1.382483026673498046e+02
7.379747599010648695e-01 1.328134458288027133e+02
7.514006249627259715e-01 1.275828083766181749e+02
7.650707447908745573e-01 1.225475548014398868e+02
7.789895630761547451e-01 1.177001931719883743e+02
7.931616043526137361e-01 1.130345148605751717e+02
8.075914754684712094e-01 1.085445187421488100e+02
8.222838670836538633e-01 1.042243496811373404e+02
8.372435551945670573e-01 1.000682893180557187e+02
8.524754026866058210e-01 9.607061953707162161e+01
8.679843609149188177e-01 9.222567382225886945e+01
8.837754713139223117e-01 8.852796693415686491e+01
8.998538670360967107e-01 8.497219377188508815e+01
9.162247746206046983e-01 8.155322424929894964e+01
9.328935156922580907e-01 7.826609825070879367e+01
9.498655086913979639e-01 7.510601620144041135e+01
9.671462706352423888e-01 7.206833041212848912e+01
9.847414189112857485e-01 6.914854984681691974e+01
1.002656673103317075e+00 6.634233660882657091e+01
1.020897856850663477e+00 6.364550124805001019e+01
1.039470899741254284e+00 6.105399818849372195e+01
1.058381839239129318e+00 5.856392127403528036e+01
1.077636822647020098e+00 5.617149943034370807e+01
1.097242109104616281e+00 5.387309257410962005e+01
1.117204071623204564e+00 5.166519107014144652e+01
1.137529199157325532e+00 4.954441144411994458e+01
1.158224098714097927e+00 4.750748804644199197e+01
1.179295497500937762e+00 4.555126914371280833e+01
1.200750245112352843e+00 4.367271335185694880e+01
1.222595315756498158e+00 4.186888616181084188e+01
1.244837810522259947e+00 4.013695655629078374e+01
1.267484959687586565e+00 3.847419371611453442e+01
1.290544125069789771e+00 3.687796381453476613e+01
1.314022802418629343e+00 3.534572689802448053e+01
1.337928623852933541e+00 3.387503385194418115e+01
1.362269360341522129e+00 3.246352299664911101e+01
1.387052924229306816e+00 3.110891518332845607e+01
1.412287371809304970e+00 2.980901309030993218e+01
1.437980905941474319e+00 2.856169950974141969e+01
1.464141878719193102e+00 2.736493465365647637e+01
1.490778794184223655e+00 2.621675353870645964e+01
1.517900311091094689e+00 2.511526344917642817e+01
1.545515245721778452e+00 2.405864147640629369e+01
1.573632574751544055e+00 2.304513213276140249e+01
1.602261438166979080e+00 2.207304503831761977e+01
1.631411142237097822e+00 2.114075267845465689e+01
1.661091162538472332e+00 2.024668823057727352e+01
1.691311147035430507e+00 1.938934345740543108e+01
1.722080919216290917e+00 1.856726646410667669e+01
1.753410481286623579e+00 1.777905950417808612e+01
1.785310017420636663e+00 1.702337753288782451e+01
1.817789897071716787e+00 1.629892641546675591e+01
1.850860678343162258e+00 1.560446112119258188e+01
1.884533111420275020e+00 1.493878397582549589e+01
1.918818142064890653e+00 1.430074297077545786e+01
1.953726915173450651e+00 1.368923012741368161e+01
1.989270778399840234e+00 1.310317991497100643e+01
2.025461285844135872e+00 1.254156772050145641e+01
2.062310201808426502e+00 1.200340836942079825e+01
2.099829504620999376e+00 1.148775469516088066e+01
2.138031390530099607e+00 1.099369614739790535e+01
2.176928277668485734e+00 1.052035715205174071e+01
2.216532810090176664e+00 1.006689581070485140e+01
2.256857861880572358e+00 9.632503066694999561e+00
2.297916541341392893e+00 9.216401514232787306e+00
2.339722195251757952e+00 8.817844222270363019e+00
2.382288413206739008e+00 8.436113599134015928e+00
2.425629032034890553e+00 8.070520296643486802e+00
2.469758140296145932e+00 7.720402152475756452e+00
2.514690082861498865e+00 7.385123169564251633e+00
2.560439465576048956e+00 7.064072531355513718e+00
2.607021160006877558e+00 6.756663651778834101e+00
2.654450308277259918e+00 6.462333258815069925e+00
2.702742327988867821e+00 6.180540503319726042e+00
2.751912917233522826e+00 5.910766026615378976e+00
2.801978059696081491e+00 5.652511183957526164e+00
2.852954029850200968e+00 5.405297317621998054e+00
2.904857398248635203e+00 5.168664991390279795e+00
2.957705036909722196e+00 4.942173251483906071e+00
3.011514124801920822e+00 4.725398914339690393e+00
3.066302153428126953e+00 4.517935880325443243e+00
3.122086932511527912e+00 4.319394472522339434e+00
3.178886595784957247e+00 4.129400799725728710e+00
3.236719606885571920e+00 3.947596142842495492e+00
3.295604765356715760e+00 3.773636363887670431e+00
3.355561212759026635e+00 3.607191336806996773e+00
3.416608438892731137e+00 3.447944387974172908e+00
3.478766288133063878e+00 3.295591717316282310e+00
3.542054965881055395e+00 3.149841943326945781e+00
3.606495045131572041e+00 3.010415639086820860e+00
3.672107473160914903e+00 2.877044859716736180e+00
3.738913578336090726e+00 2.749472687606355326e+00
3.806935077047892690e+00 2.627452794827486393e+00
3.876194080770182016e+00 2.510749022121694818e+00
3.946713103247599275e+00 2.399134973872257603e+00
4.018515067813969388e+00 2.292393628489574731e+00
4.091623314843920944e+00 2.190316963657620075e+00
4.166061609340070859e+00 2.092705595907528249e+00
4.241854148658170232e+00 1.999368433965767800e+00
4.319025570372864387e+00 1.910122298451093048e+00
4.397600960286556671e+00 1.824791522970553137e+00
4.477605860583897091e+00 1.743207779191865203e+00
4.559066278134701555e+00 1.665209805118375908e+00
4.642008692947928949e+00 1.590643116722399553e+00
4.726460066779375246e+00 1.519359730952172249e+00
4.812447851896049400e+00 1.451217899682126777e+00
4.900000000000001243e+00 1.386081854191830054e+00
