# k[h/Mpc]    Pk[Mpc^3/h^3] (CDM+baryons, z=0, sum m_nu = 0.1 eV)
1.000000000000000048e-04 4.456036419895498852e+02
1.018192851288654056e-04 4.533953650561134623e+02
1.036716682415320324e-04 4.613232021762875661e+02
1.055577514846969182e-04 4.693895248261268875e+02
1.074781479598227148e-04 4.775967450972499933e+02
1.094334819224358437e-04 4.859473153264572147e+02
1.114243889850503427e-04 4.944437299778851411e+02
1.134515163237845173e-04 5.030885266418693504e+02
1.155155228887354377e-04 5.118842867735548339e+02
1.176170796181814416e-04 5.208336364439887802e+02
1.197568696566808123e-04 5.299392471039139991e+02
1.219355885771395451e-04 5.392038363604810911e+02
1.241539446069180779e-04 5.486301687670677438e+02
1.264126588580515400e-04 5.582210566264549243e+02
1.287124655616594384e-04 5.679793608075584643e+02
1.310541123066188615e-04 5.779079915759538153e+02
1.334383602825797493e-04 5.880099094113749061e+02
1.358659845274025704e-04 5.982881242130715691e+02
1.383377741790963323e-04 6.087456950705692407e+02
1.408545327323400568e-04 6.193857333887937102e+02
1.434170782996723684e-04 6.302114039962183369e+02
1.460262438774317321e-04 6.412259260483518801e+02
1.486828776165345905e-04 6.524325739462066167e+02
1.513878430981813628e-04 6.638346782699804862e+02
1.541420196145766618e-04 6.754356267281677901e+02
1.569463024547576211e-04 6.872388651223870966e+02
1.598016031956211612e-04 6.992478983281525871e+02
1.627088499982476107e-04 7.114662912918453230e+02
1.656689879096138421e-04 7.238976700441760386e+02
1.686829791697952625e-04 7.365457224793829027e+02
1.717518035247584925e-04 7.494141951316197492e+02
1.748764585448427458e-04 7.625068945067642971e+02
1.780579599490355648e-04 7.758276916685485958e+02
1.812973419351494885e-04 7.893805234311544154e+02
1.845956575160039546e-04 8.031693934488971536e+02
1.879539788617241337e-04 8.171983733233601015e+02
1.913733976482663102e-04 8.314716037282192929e+02
1.948550254122856829e-04 8.459932955520404221e+02
1.983999939124585297e-04 8.607677310593301172e+02
2.020094554973777819e-04 8.757992650700804234e+02
2.056845834801435461e-04 8.910923261581513088e+02
2.094265725197667807e-04 9.066514178687028789e+02
2.132366390095114320e-04 9.224811186349423906e+02
2.171160214723039149e-04 9.385860739571480735e+02
2.210659809633339990e-04 9.549710024061437252e+02
2.250878014799803737e-04 9.716407013734562952e+02
2.291827903791957422e-04 9.886000483622557340e+02
2.333522788024834985e-04 1.005854002272314574e+03
2.375976221086056330e-04 1.023407604704371124e+03
2.419202003141653350e-04 1.041265981284102281e+03
2.463214185422023359e-04 1.059434343006059862e+03
2.508027074789512386e-04 1.077917987597739966e+03
2.553655238389076002e-04 1.096722300904149961e+03
2.600113508383580818e-04 1.115852758293104216e+03
2.647416986775227160e-04 1.135314926081499607e+03
2.695581050314685314e-04 1.155114457791483346e+03
2.744621355499574371e-04 1.175257080374872430e+03
2.794553843663845458e-04 1.195748609511396353e+03
2.845394746159758551e-04 1.216594955558064385e+03
2.897160589634161019e-04 1.237802124990796983e+03
2.949868201400724570e-04 1.259376221865652269e+03
3.003534714909940903e-04 1.281323449299864023e+03
3.058177575318607564e-04 1.303650110972848097e+03
3.113814545160675839e-04 1.326362612647511696e+03
3.170463710121235027e-04 1.349467463711927849e+03
3.228143484915545593e-04 1.372971278741729975e+03
3.286872619275051630e-04 1.396880779083336847e+03
3.346670204042274878e-04 1.421202794332036092e+03
3.407555677376585749e-04 1.445944247853091838e+03
3.469548831072907032e-04 1.471112141089591432e+03
3.532669816995344099e-04 1.496713581511082566e+03
3.596939153627857458e-04 1.522755787734176693e+03
3.662377732744146039e-04 1.549246091071333922e+03
3.729006826198842401e-04 1.576191937096612492e+03
3.796848092842254412e-04 1.603600887228441707e+03
3.865923585560943217e-04 1.631480620329553176e+03
3.936255758446357959e-04 1.659838934323993499e+03
4.007867474093881042e-04 1.688683747831478968e+03
4.080782011034704971e-04 1.718023101818970645e+03
4.155023071302878300e-04 1.747865161269642385e+03
4.230614788140018689e-04 1.778218215347316573e+03
4.307581733840231200e-04 1.809090640231233010e+03
4.385948927737709220e-04 1.840490894507790017e+03
4.465741844339673225e-04 1.872427559378695832e+03
4.546986421607269535e-04 1.904909342187279435e+03
4.629709069387099988e-04 1.937945077919719552e+03
4.713936677996192776e-04 1.971543730715202855e+03
4.799696626963114669e-04 2.005714395384657564e+03
4.887016793928109122e-04 2.040466298937929650e+03
4.975925563705199022e-04 2.075808802119159282e+03
5.066451837509105497e-04 2.111751400950155130e+03
5.158625042350036471e-04 2.148303728281489839e+03
5.252475140599437630e-04 2.185475555351101320e+03
5.348032639729722064e-04 2.223276785597439357e+03
5.445328602231193230e-04 2.261717382905359955e+03
5.544394655709439885e-04 2.300807400203003908e+03
5.645263003166376423e-04 2.340557024797268241e+03
5.747966433468323271e-04 2.380976580131774881e+03
5.852538332004588112e-04 2.422076526964050117e+03
5.959012691539901374e-04 2.463867464534991541e+03
6.067424123264289265e-04 2.506360131730166358e+03
6.177807868044028370e-04 2.549565408232108439e+03
6.290199807877237988e-04 2.593494315663070211e+03
6.404636477557869127e-04 2.638158018717454070e+03
6.521155076551968374e-04 2.683567826283237082e+03
6.639793481089937589e-04 2.729735192551745058e+03
6.760590256478781488e-04 2.776671688788057963e+03
6.883584669638424022e-04 2.824388885221382225e+03
7.008816701866015138e-04 2.872898442797868029e+03
7.136327061832506164e-04 2.922212156257332936e+03
7.266157198815622470e-04 2.972341954535679179e+03
7.398349316173659113e-04 3.023299901120474260e+03
7.532946385064322441e-04 3.075098194369474186e+03
7.669992158413210326e-04 3.127749167790968841e+03
7.809531185136364337e-04 3.181265290284643925e+03
7.951608824621657834e-04 3.235659166341632044e+03
8.096271261473557369e-04 3.290943536202512405e+03
8.243565520526149317e-04 3.347131275971713876e+03
8.393539482129358346e-04 3.404235397473536977e+03
8.546241897713193272e-04 3.462268967133231854e+03
8.701722405635155082e-04 3.521244975340735891e+03
8.860031547316025383e-04 3.581176496311627034e+03
9.021220783669138630e-04 3.642076717172305507e+03
9.185342511828547196e-04 3.703958936874189931e+03
9.352450082181596814e-04 3.766836565029343546e+03
9.522597815711297603e-04 3.830723120665927581e+03
9.695841021654195762e-04 3.895632230901207549e+03
9.872236015479583272e-04 3.961577629530621834e+03
1.005184013719570731e-03 4.028573155530532858e+03
1.023471176998903354e-03 4.096632751473123790e+03
1.042091035920268260e-03 4.165770461851253458e+03
1.061049643166006237e-03 4.236000424880973696e+03
1.080353161534003880e-03 4.307336605335746754e+03
1.100007865941020346e-03 4.379792676856440266e+03
1.120020145462436367e-03 4.453382336991016018e+03
1.140396505409130030e-03 4.528119327719391549e+03
1.161143569442140474e-03 4.604017431369331462e+03
1.182268081725779563e-03 4.681090466384018328e+03
1.203776909119937686e-03 4.759352282939456927e+03
1.225677043412273662e-03 4.838816758409096110e+03
1.247975603590990466e-03 4.919497792673649201e+03
1.270679838158989732e-03 5.001409303273881051e+03
1.293797127490108707e-03 5.084565220404128013e+03
1.317334986228223953e-03 5.168979481744701843e+03
1.341301065730015436e-03 5.254666011221016561e+03
1.365703156552156234e-03 5.341638502648997019e+03
1.390549190983755108e-03 5.429910456300236547e+03
1.415847245624880920e-03 5.519495325922784104e+03
1.441605544011986383e-03 5.610406515413699708e+03
1.467832459291095685e-03 5.702657371593037169e+03
1.494536516939638099e-03 5.796261176782676557e+03
1.521726397537785614e-03 5.891231141188778565e+03
1.549410939590209870e-03 5.987580395086310091e+03
1.577599142399188420e-03 6.085321980804593295e+03
1.606300168989966727e-03 6.184468844512891337e+03
1.635523349089341256e-03 6.285033827804861176e+03
1.665278182158445083e-03 6.387029659081446880e+03
1.695574340480695760e-03 6.490468846526659945e+03
1.726421672305918737e-03 6.595363124327102014e+03
1.757830205051689977e-03 6.701723784603824242e+03
1.789810148562901533e-03 6.809561903523935143e+03
1.822371898430628434e-03 6.918888329999183043e+03
1.855526039371401025e-03 7.029713673571710387e+03
1.889283348667912315e-03 7.142048292064704583e+03
1.923654799672356013e-03 7.255902278999876216e+03
1.958651565373502844e-03 7.371285450783871966e+03
1.994285022028632545e-03 7.488207333665754049e+03
2.030566752861590052e-03 7.606677150468561194e+03
2.067508551828088018e-03 7.726703807097616846e+03
2.105122427449517258e-03 7.848295878762365646e+03
2.143420606716516918e-03 7.971461397399667476e+03
2.182415539063549490e-03 8.096207378700372828e+03
2.222119900415780395e-03 8.222540281579440489e+03
2.262546597309603950e-03 8.350466114455022762e+03
2.303708771088110261e-03 8.479990418563924322e+03
2.345619802172884284e-03 8.611118251071680788e+03
2.388293314413537840e-03 8.743854167985686217e+03
2.431743179516352837e-03 8.878202206879153891e+03
2.475983521553492845e-03 9.014165869435319109e+03
2.521028721554273606e-03 9.151748103821146287e+03
2.566893422179938791e-03 9.290951286900364721e+03
2.613592532483482739e-03 9.431777206296661461e+03
2.661141232756091858e-03 9.574227036317273814e+03
2.709554979461731641e-03 9.718300868497964984e+03
2.758849510261511279e-03 9.863997344810737559e+03
2.809040849129475128e-03 1.001131429449388634e+04
2.860145311561445615e-03 1.016024878446124785e+04
2.912179509878621078e-03 1.031079709855505098e+04
2.965160358627711400e-03 1.046295471675066256e+04
3.019105080079240774e-03 1.061671629433098315e+04
3.074031209825939682e-03 1.077207564105086749e+04
3.129956602482987689e-03 1.092902570031154028e+04
3.186899437491901629e-03 1.108755852836607119e+04
3.244878225030087531e-03 1.124766527357795349e+04
3.303911812027855201e-03 1.140933615575519798e+04
3.364019388294905554e-03 1.157256038395424912e+04
3.425220492758303866e-03 1.173732495440587991e+04
3.487535019813910002e-03 1.190361464463598895e+04
3.550983225793357713e-03 1.207141303804460222e+04
3.615585735548721910e-03 1.224070254193623077e+04
3.681363549156942572e-03 1.241146436475069822e+04
3.748338048746226604e-03 1.258367849363158712e+04
3.816531005446670635e-03 1.275732367236960636e+04
3.885964586467303538e-03 1.293237737975843629e+04
3.956661362301879675e-03 1.310881580840236529e+04
4.028644314065801639e-03 1.328661384401507166e+04
4.101936840966486156e-03 1.346574504525063276e+04
4.176562767909641240e-03 1.364618162410786317e+04
4.252546353243950861e-03 1.382789417419633355e+04
4.329912296646630868e-03 1.401084974422268351e+04
4.408685747152437870e-03 1.419501276853042691e+04
4.488892311328791275e-03 1.438034606963991428e+04
4.570558061599583680e-03 1.456681084710437426e+04
4.653709544720419609e-03 1.475436665969739443e+04
4.738373790408112810e-03 1.494297140869090799e+04
4.824578320127069324e-03 1.513258132228442992e+04
4.912351156035600803e-03 1.532315094124573625e+04
5.001720830095009521e-03 1.551463310582458507e+04
5.092716393344296974e-03 1.570697894400050791e+04
5.185367425343695783e-03 1.590013786112679554e+04
5.279704043790010327e-03 1.609405753103284587e+04
5.375756914306787163e-03 1.628868276262007748e+04
5.473557260412724793e-03 1.648395186757640840e+04
5.573136873671352513e-03 1.667979990583539256e+04
5.674528124025369699e-03 1.687615984881714030e+04
5.777763970319049064e-03 1.707296257706845063e+04
5.882877971012012881e-03 1.727013688031550919e+04
5.989904295087934011e-03 1.746760946001733464e+04
6.098877733161739596e-03 1.766530493450892391e+04
6.209833708788841528e-03 1.786314584682024724e+04
6.322808289980108576e-03 1.806105267525633099e+04
6.437838200926385319e-03 1.825894384682186865e+04
6.554960833936262360e-03 1.845673575357252776e+04
6.674214261591017439e-03 1.865434275623373833e+04
6.795637249120757215e-03 1.885167452912941735e+04
6.919269267005656761e-03 1.904863290222458454e+04
7.045150503806445370e-03 1.924511667439049415e+04
7.173321879228382672e-03 1.944102235997710886e+04
7.303825057422841556e-03 1.963624422810817123e+04
7.436702460530880687e-03 1.983067434641110231e+04
7.571997282473287398e-03 2.002420262927197109e+04
7.709753502991424298e-03 2.021671689069938293e+04
7.850015901943519989e-03 2.040810290187479040e+04
7.992830073861156154e-03 2.059824445346104767e+04
8.138242442770402332e-03 2.078702342273264730e+04
8.286300277282729679e-03 2.097431984558454860e+04
8.437051705960476808e-03 2.116001172324383879e+04
8.590545732961701528e-03 2.134396721952850930e+04
8.746832253969855087e-03 2.152604318742431133e+04
8.905962072413141362e-03 2.170609385816583381e+04
9.067986915978947307e-03 2.188397146270208032e+04
9.232959453428814245e-03 2.205952635493080015e+04
9.400933311719227026e-03 2.223260714239504523e+04
9.571963093433890138e-03 2.240306082445801076e+04
9.746104394533217086e-03 2.257073293795448626e+04
9.923413822426669154e-03 2.273546771029818046e+04
1.010394901437385203e-02 2.289710822000399276e+04
1.028776865622049903e-02 2.305549656456470257e+04
1.047493250147520615e-02 2.321047403559970553e+04
1.066550139073323480e-02 2.336187978424059838e+04
1.085953727145377856e-02 2.350953532644337247e+04
1.105710321809694544e-02 2.365325061668436683e+04
1.125826345262708091e-02 2.379283472455087031e+04
1.146308336538921606e-02 2.392809626565417420e+04
1.167162953636518598e-02 2.405884367715915141e+04
1.188396975681655331e-02 2.418488550376780404e+04
1.210017305132118047e-02 2.430603069384802075e+04
1.232030970021084568e-02 2.442208890534764942e+04
1.254445126241695782e-02 2.453287082109235780e+04
1.277267059873187817e-02 2.463818847301652204e+04
1.300504189549357356e-02 2.473785557483093362e+04
1.324164068870101706e-02 2.483168786258267937e+04
1.348254388856834698e-02 2.491949877272771482e+04
1.372782980452582312e-02 2.500107941789265169e+04
1.397757817067552845e-02 2.507621532441398085e+04
1.423187017171016755e-02 2.514469510192289090e+04
1.449078846930352236e-02 2.520631092468596762e+04
1.475441722898090599e-02 2.526085901662753167e+04
1.502284214747852745e-02 2.530814014436447542e+04
1.529615048060052954e-02 2.534796011704768171e+04
1.557443107158297015e-02 2.538013029172279494e+04
1.585777437997368949e-02 2.540446808284700091e+04
1.614627251103758002e-02 2.542079747452259107e+04
1.644001924569696987e-02 2.542894953393585092e+04
1.673911007101656218e-02 2.542876291478499479e+04
1.704364221124297918e-02 2.542007849487011117e+04
1.735371465940915153e-02 2.540272992437487483e+04
1.766942820951353937e-02 2.537655742718472902e+04
1.799088548928476708e-02 2.534141103118456886e+04
1.831819099354253105e-02 2.529715114201718825e+04
1.865145111816521317e-02 2.524364910784881795e+04
1.899077419467561437e-02 2.518078777282120791e+04
1.933627052545575792e-02 2.510846201682273750e+04
1.968805241960255858e-02 2.502657927917096822e+04
2.004623422943563674e-02 2.493506006376601363e+04
2.041093238766928872e-02 2.483383842325945807e+04
2.078226544526092998e-02 2.472286241977081590e+04
2.116035410994791810e-02 2.460209510456416683e+04
2.154532128548546088e-02 2.447154107313713757e+04
2.193729211159857126e-02 2.433125765787619457e+04
2.233639400466067362e-02 2.418131901774236030e+04
2.274275669911225012e-02 2.402181317572475018e+04
2.315651228963324162e-02 2.385284202182118315e+04
2.357779527408245326e-02 2.367452128186545815e+04
2.400674259721816833e-02 2.348698045164210271e+04
2.444349369521435500e-02 2.329036269584242837e+04
2.488819054098654476e-02 2.308482471153577717e+04
2.534097769034242970e-02 2.287053655595457167e+04
2.580200232897193052e-02 2.264768143851816058e+04
2.627141432029242440e-02 2.241645547715342400e+04
2.674936625416414818e-02 2.217707808717595617e+04
2.723601349649189957e-02 2.192994419296531851e+04
2.773151423972935320e-02 2.167558011048838671e+04
2.823602955430197167e-02 2.141451231833276324e+04
2.874972344096543217e-02 2.114726255891741312e+04
2.927276288411684996e-02 2.087434659476095112e+04
2.980531790607564985e-02 2.059627304354333319e+04
3.034756162235194635e-02 2.031354229304914406e+04
3.089967029792066097e-02 2.002664549659905606e+04
3.146182340451917497e-02 1.973606364911815399e+04
3.203420367898752313e-02 1.944226674356050353e+04
3.261699718266979769e-02 1.914571300700981737e+04
3.321039336189655911e-02 1.884684821540195117e+04
3.381458510956728697e-02 1.854615587111034256e+04
3.442976882785318132e-02 1.824441856145035490e+04
3.505614449204105115e-02 1.794250167341212000e+04
3.569391571553836434e-02 1.764122398020576657e+04
3.634328981606090719e-02 1.734135731462252079e+04
3.700447788302495961e-02 1.704362687792055658e+04
3.767769484616516340e-02 1.674871186385012334e+04
3.836315954540073236e-02 1.645724636656864823e+04
3.906109480197312439e-02 1.616982054196804165e+04
3.977172749087744263e-02 1.588698199300342276e+04
4.049528861461189344e-02 1.560923735093355936e+04
4.123201337826865737e-02 1.533705402591116581e+04
4.198214126599129209e-02 1.507086370095534949e+04
4.274591611882278680e-02 1.481107288478446026e+04
4.352358621396981014e-02 1.455805812673262153e+04
4.431540434550947788e-02 1.431216397325606886e+04
4.512162790656396028e-02 1.407370530131935629e+04
4.594251897297006032e-02 1.384296971800647771e+04
4.677834438847147669e-02 1.362022000116723393e+04
4.762937585146043151e-02 1.340569656947559270e+04
4.849589000329746630e-02 1.319961305211009676e+04
4.937816851823838976e-02 1.300192756064985224e+04
5.027649819499679928e-02 1.281230647232695446e+04
5.119117104997271406e-02 1.263041508820720082e+04
5.212248441217692818e-02 1.245593551808806660e+04
5.307074101988284998e-02 1.228856570814017323e+04
5.403624911903631006e-02 1.212792181932140738e+04
5.501932256345561101e-02 1.197328104847987561e+04
5.602028091685504890e-02 1.182387326077066791e+04
5.703944955672407557e-02 1.167896512309538593e+04
5.807715978009624774e-02 1.153779750148684616e+04
5.913374891124294208e-02 1.139935722834700027e+04
6.020956041132585757e-02 1.126259094620263568e+04
6.130494399004434575e-02 1.112648739977141486e+04
6.242025571931449079e-02 1.098994233054597680e+04
6.355585814901575092e-02 1.085177509461243062e+04
6.471212042484364435e-02 1.071086067753407406e+04
6.588941840830631058e-02 1.056609278558580445e+04
6.708813479890453346e-02 1.041639276590105692e+04
6.830865925853425724e-02 1.026076350649728010e+04
6.955138853815211186e-02 1.009832562357598363e+04
7.081672660674612207e-02 9.928304182378822588e+03
7.210508478265199861e-02 9.750089713536606723e+03
7.341688186725858767e-02 9.563304555908816837e+03
7.475254428114630478e-02 9.367715948107903387e+03
7.611250620270181011e-02 9.163418892507283090e+03
7.749720970925433328e-02 8.950684726635403422e+03
7.890710492078044369e-02 8.730091771036721184e+03
8.034265014622242462e-02 8.502459391122340094e+03
8.180431203246910088e-02 8.268853327459639331e+03
8.329256571604647108e-02 8.030635185049983193e+03
8.480789497756895112e-02 7.789306670338403819e+03
8.635079239899974557e-02 7.546629152183556471e+03
8.792175952377219439e-02 7.304404190721422310e+03
8.952130701982498329e-02 7.064613547640819888e+03
9.114995484560270422e-02 6.829177773877348045e+03
9.280823241907629195e-02 6.600066661915167970e+03
9.449667878983940283e-02 6.379087303998445350e+03
9.621584281433476216e-02 6.167930351050358695e+03
9.796628333426847524e-02 5.968052984519716119e+03
9.974856935827097759e-02 5.780677483470475636e+03
1.015632802468619950e-01 5.606709821729343275e+03
1.034110059007811722e-01 5.446667344965485427e+03
1.052923469527442119e-01 5.300728874863914825e+03
1.072079149626888606e-01 5.168677089013183831e+03
1.091583326165718459e-01 5.049900861797239486e+03
1.111442339287825876e-01 4.943375232935002714e+03
1.131662644482403085e-01 4.847681362594635175e+03
1.152250814682397734e-01 4.761076081440083726e+03
1.173213542401145143e-01 4.681463438724163098e+03
1.194557641907884188e-01 4.606548946271515888e+03
1.216290051442840969e-01 4.533824035713219018e+03
1.238417835472609974e-01 4.460765397535756165e+03
1.260948186986580177e-01 4.384922753353516782e+03
1.283888429835126355e-01 4.304067439188330354e+03
1.307246021110340384e-01 4.216356381777559363e+03
1.331028553570085537e-01 4.120433995783041610e+03
1.355243758106138563e-01 4.015603476221653636e+03
1.379899506257241670e-01 3.901868832516962357e+03
1.405003812767867122e-01 3.779946201692057457e+03
1.430564838193544852e-01 3.651300422758698460e+03
1.456590891553579126e-01 3.517915626827787491e+03
1.483090433032021316e-01 3.382346475571726842e+03
1.510072076727798640e-01 3.247304669868873589e+03
1.537544593454858166e-01 3.115670496286936668e+03
1.565516913593256454e-01 2.990082019843343005e+03
1.593998129992131307e-01 2.872876443921840291e+03
1.622997500925472680e-01 2.765815461672744277e+03
1.652524453101666957e-01 2.670015594263194089e+03
1.682588584727810199e-01 2.585802643010993961e+03
1.713199668629750150e-01 2.512784134285922846e+03
1.744367655428904484e-01 2.449675419393775428e+03
1.776102676776860900e-01 2.394643164916932164e+03
1.808415048648842893e-01 2.345356554914165372e+03
1.841315274697077342e-01 2.299281929741261138e+03
1.874814049665168569e-01 2.253566474176600423e+03
1.908922262864606312e-01 2.205521514728161947e+03
1.943651001714505333e-01 2.152861623930079531e+03
1.979011555345740747e-01 2.094197435651259639e+03
2.015015418270673930e-01 2.029283851173656331e+03
2.051674294119619768e-01 1.958874220832440642e+03
2.089000099445292302e-01 1.884525171466110351e+03
2.127004967596484164e-01 1.808493026058185933e+03
2.165701252662195486e-01 1.733259322296599066e+03
2.205101533487533183e-01 1.661279582998487285e+03
2.245218617762654856e-01 1.594608782075561521e+03
2.286065546186128450e-01 1.534582996116490676e+03
2.327655596704011065e-01 1.481813044680458688e+03
2.370002288826050518e-01 1.435949947657293706e+03
2.413119388020432687e-01 1.395939873561911782e+03
2.457020910188459084e-01 1.360017882294783703e+03
2.501721126220631253e-01 1.326129865386188840e+03
2.547234566635647179e-01 1.292121703265130463e+03
2.593576026303771598e-01 1.256316197782603012e+03
2.640760569256134782e-01 1.217560241343486950e+03
2.688803533581552996e-01 1.175799962090295139e+03
2.737720536412410199e-01 1.131656630229486836e+03
2.787527479001258301e-01 1.086667754728838190e+03
2.838240551889765206e-01 1.042514202975430180e+03
2.889876240171723176e-01 1.000912216451619770e+03
2.942451328851785064e-01 9.629678703007848526e+02
2.995982908301688674e-01 9.291465024380148634e+02
3.050488379815770590e-01 8.990520186349484675e+02
3.105985461267529724e-01 8.717193585798266895e+02
3.162492192869091334e-01 8.458192469006392002e+02
3.220026943035488309e-01 8.200184224906118970e+02
3.278608414355596024e-01 7.934476646151232444e+02
3.338255649671697523e-01 7.656899121896833549e+02
3.398988038269684098e-01 7.371364054821257241e+02
3.460825322181838581e-01 7.084955471405017988e+02
3.523787602604305236e-01 6.808058828020144801e+02
3.587895346431287935e-01 6.548417622581876003e+02
3.653169392908166557e-01 6.310137375492810179e+02
3.719630960405611586e-01 6.091921564202327772e+02
3.787301653316944572e-01 5.887846866116312867e+02
3.856203469081013746e-01 5.691092621934313911e+02
3.926358805332800794e-01 5.494973404115601170e+02
3.997790467184118013e-01 5.297436425915406062e+02
4.070521674636797815e-01 5.099366318792302195e+02
4.144576070130712719e-01 4.904589595935855755e+02
4.219977726229114934e-01 4.717626502421232999e+02
4.296751153443834070e-01 4.540819311146531163e+02
4.374921308202791015e-01 4.375055576037274818e+02
4.454513600962493047e-01 4.218219352935248594e+02
4.535553904468090924e-01 4.067332057931051281e+02
4.618068562163753499e-01 3.919880761352395098e+02
4.702084396756012197e-01 3.774045518034631073e+02
4.787628718932894767e-01 3.630802950999628820e+02
4.874729336241730993e-01 3.492171019219025538e+02
4.963414562128421470e-01 3.359519245716797400e+02
5.053713225141164278e-01 3.233704235643687639e+02
5.145654678301662122e-01 3.113934616013265213e+02
5.239268808646776465e-01 2.998074505936394303e+02
5.334586046943771143e-01 2.884977516517117806e+02
5.431637377582348991e-01 2.775026574608007195e+02
5.530454348646605123e-01 2.668689469740152163e+02
5.631069082170223616e-01 2.566365020443012099e+02
5.733514284578283826e-01 2.468358639495793341e+02
5.837823257318991432e-01 2.374410143793578243e+02
5.944029907688848091e-01 2.283789866127366111e+02
6.052168759854743563e-01 2.195952595853129310e+02
6.162274966076619620e-01 2.111001772836615658e+02
6.274384318134254013e-01 2.029199850464753183e+02
6.388533258961933692e-01 1.950645499664636873e+02
6.504758894494848676e-01 1.875105927447171439e+02
6.623099005730950228e-01 1.802319012094360460e+02
6.743592061012246841e-01 1.732092452054524472e+02
6.866277228529591437e-01 1.664384018932314859e+02
6.991194389054908864e-01 1.599173136458997249e+02
7.118384148905058106e-01 1.536428349115543313e+02
7.247887853141601333e-01 1.476069829159726794e+02
7.379747599010648695e-01 1.417991940525863299e+02
7.514006249627259715e-01 1.362094492100736431e+02
7.650707447908745573e-01 1.308284063962818493e+02
7.789895630761547451e-01 1.256484435524185130e+02
7.931616043526137361e-01 1.206629485479859767e+02
8.075914754684712094e-01 1.158654794765169243e+02
8.222838670836538633e-01 1.112497522378641435e+02
8.372435551945670573e-01 1.068096101467379384e+02
8.524754026866058210e-01 1.025388692485259412e+02
8.679843609149188177e-01 9.843146316159833020e+01
8.837754713139223117e-01 9.448152316797052208e+01
8.998538670360967107e-01 9.068337290366203263e+01
9.162247746206046983e-01 8.703152293475625356e+01
9.328935156922580907e-01 8.352066473588487838e+01
9.498655086913979639e-01 8.014565343708402168e+01
9.671462706352423888e-01 7.690150664832408722e+01
9.847414189112857485e-01 7.378341171890026828e+01
1.002656673103317075e+00 7.078672092848371733e+01
1.020897856850663477e+00 6.790694637628872954e+01
1.039470899741254284e+00 6.513975500483124392e+01
1.058381839239129318e+00 6.248096375577068073e+01
1.077636822647020098e+00 5.992653485533131885e+01
1.097242109104616281e+00 5.747257262020013258e+01
1.117204071623204564e+00 5.511532580764973233e+01
1.137529199157325532e+00 5.285117662362165447e+01
1.158224098714097927e+00 5.067663300074053723e+01
1.179295497500937762e+00 4.858832468371556246e+01
1.200750245112352843e+00 4.658299942234926050e+01
1.222595315756498158e+00 4.465751926264261584e+01
1.244837810522259947e+00 4.280885693445590334e+01
1.267484959687586565e+00 4.103409233416512336e+01
1.290544125069789771e+00 3.933040910072845264e+01
1.314022802418629343e+00 3.769509128355284844e+01
1.337928623852933541e+00 3.612552006901654522e+01
1.362269360341522129e+00 3.461916878865881841e+01
1.387052924229306816e+00 3.317359922021207552e+01
1.412287371809304970e+00 3.178646162973144484e+01
1.437980905941474319e+00 3.045549207250631696e+01
1.464141878719193102e+00 2.917850950185642844e+01
1.490778794184223655e+00 2.795341296412918553e+01
1.517900311091094689e+00 2.677817887784280870e+01
1.545515245721778452e+00 2.565085839494934206e+01
1.573632574751544055e+00 2.456957484221591770e+01
1.602261438166979080e+00 2.353252124074634821e+01
1.631411142237097822e+00 2.253795790169567326e+01
1.661091162538472332e+00 2.158421009625824638e+01
1.691311147035430507e+00 2.066966573505942506e+01
1.722080919216290917e+00 1.979277250567922053e+01
1.753410481286623579e+00 1.895203614389868463e+01
1.785310017420636663e+00 1.814601892731733557e+01
1.817789897071716787e+00 1.737333767764014780e+01
1.850860678343162258e+00 1.663266181762786644e+01
1.884533111420275020e+00 1.592271149133832786e+01
1.918818142064890653e+00 1.524225574587106991e+01
1.953726915173450651e+00 1.459011077286551483e+01
1.989270778399840234e+00 1.396513820803824757e+01
2.025461285844135872e+00 1.336624348708541987e+01
2.062310201808426502e+00 1.279237425631255753e+01
2.099829504620999376e+00 1.224251883638989113e+01
2.138031390530099607e+00 1.171570471359860122e+01
2.176928277668485734e+00 1.121099700040165814e+01
2.216532810090176664e+00 1.072749715926619629e+01
2.256857861880572358e+00 1.026434171422029529e+01
2.297916541341392893e+00 9.820700954146309059e+00
2.339722195251757952e+00 9.395777680566860468e+00
2.382288413206739008e+00 8.988805998617902304e+00
2.425629032034890553e+00 8.599050149870812731e+00
2.469758140296145932e+00 8.225803385701230042e+00
2.514690082861498865e+00 7.868386879935794553e+00
2.560439465576048956e+00 7.526148679540371589e+00
2.607021160006877558e+00 7.198462692147058029e+00
2.654450308277259918e+00 6.884727709147421493e+00
2.702742327988867821e+00 6.584366357082138244e+00
2.751912917233522826e+00 6.296824017761165848e+00
2.801978059696081491e+00 6.021568246414474856e+00
2.852954029850200968e+00 5.758087979251196309e+00
2.904857398248635203e+00 5.505892710806955748e+00
2.957705036909722196e+00 5.264511701226394891e+00
3.011514124801920822e+00 5.033493212471388034e+00
3.066302153428126953e+00 4.812403772476700148e+00
3.122086932511527912e+00 4.600827466304171942e+00
3.178886595784957247e+00 4.398365253374763029e+00
3.236719606885571920e+00 4.204634309886661647e+00
3.295604765356715760e+00 4.019267395554871669e+00
3.355561212759026635e+00 3.841912243184796516e+00
3.416608438892731137e+00 3.672230935813657116e+00
3.478766288133063878e+00 3.509899330739918888e+00
3.542054965881055395e+00 3.354606573556870863e+00
3.606495045131572041e+00 3.206054577904069447e+00
3.672107473160914903e+00 3.063957519800838192e+00
3.738913578336090726e+00 2.928041351098459977e+00
3.806935077047892690e+00 2.798043331371343534e+00
3.876194080770182016e+00 2.673711577589135580e+00
3.946713103247599275e+00 2.554804630933835252e+00
4.018515067813969388e+00 2.441091040146760704e+00
4.091623314843920944e+00 2.332348960810242122e+00
4.166061609340070859e+00 2.228365769989026024e+00
4.241854148658170232e+00 2.128937691341156402e+00
4.319025570372864387e+00 2.033869372414792931e+00
4.397600960286556671e+00 1.942973568628330483e+00
4.477605860583897091e+00 1.856070878786450606e+00
4.559066278134701555e+00 1.772989428095018916e+00
4.642008692947928949e+00 1.693564561609109509e+00
4.726460066779375246e+00 1.617638549723412700e+00
4.812447851896049400e+00 1.545060305252780930e+00
4.900000000000001243e+00 1.475685111666911409e+00
