# k[h/Mpc]    Pk[Mpc^3/h^3] (CDM+baryons, z=0, sum m_nu = 0.4 eV)
1.000000000000000021e-03 4.686366173047281336e+03
1.093863055342377639e-03 5.101789146406978944e+03
1.196536383842961753e-03 5.552218818063340223e+03
1.308846944658782199e-03 6.040185682470459142e+03
1.431699317859991402e-03 6.568281313297739871e+03
1.566082990165928307e-03 7.139263276089109240e+03
1.713080324542629171e-03 7.755762488287788074e+03
1.873875277851110499e-03 8.420520343678161225e+03
2.049762936760762821e-03 9.136065668055751303e+03
2.242159948732692747e-03 9.904826737606485040e+03
2.452615932087052510e-03 1.072906739805209691e+04
2.682825957054136689e-03 1.161043247985508606e+04
2.934644198335076802e-03 1.255027573477669830e+04
3.210098869133590389e-03 1.354908775856063949e+04
3.511408556941579811e-03 1.460675975429662867e+04
3.841000092651486540e-03 1.572196732143987720e+04
4.201528096918111070e-03 1.689250494625362626e+04
4.595896361201690442e-03 1.811490075254149269e+04
5.027281235700992341e-03 1.938413313001652568e+04
5.499157212549296916e-03 2.069365457957554463e+04
6.015324910327242251e-03 2.203583969820335551e+04
6.579941685287670101e-03 2.340091744006098816e+04
7.197555115843445525e-03 2.477770780234670747e+04
7.873139630011672524e-03 2.615307567042008668e+04
8.612136570821726095e-03 2.751248352550019990e+04
9.420498022384879780e-03 2.883947748696055351e+04
1.030473474961275150e-02 3.011494933504566143e+04
1.127196863770417619e-02 3.131898792599816443e+04
1.232999005376255244e-02 3.242851525217899325e+04
1.348732059254982574e-02 3.341740351252479013e+04
1.475328171174871902e-02 3.425994213793455856e+04
1.613806980954027998e-02 3.492713992653894820e+04
1.765283834919231451e-02 3.538779527333664737e+04
1.930978769211259827e-02 3.561100357403213275e+04
2.112226336290692896e-02 3.556535916873223323e+04
2.310486353789574163e-02 3.522370206453189894e+04
2.527355662283132035e-02 3.456368255980245158e+04
2.764580986681885316e-02 3.357137508403138781e+04
3.024073004833292139e-02 3.224595506442369515e+04
3.307921736645350053e-02 3.060102097698397847e+04
3.618413377680346904e-02 2.867002577701921109e+04
3.958048712801157110e-02 2.651303863965177516e+04
4.329563258178636964e-02 2.421578867006271321e+04
4.735949293889383377e-02 2.187565809779215851e+04
5.180479964560417289e-02 1.961189087355515585e+04
5.666735642174031834e-02 1.754598789437716550e+04
6.198632763366036802e-02 1.576025821017666749e+04
6.780455373480938353e-02 1.431076931623098244e+04
7.416889631448499165e-02 1.320053437848449357e+04
8.113061553393456637e-02 1.235654727659095443e+04
8.874578298975743795e-02 1.163081479765117729e+04
9.707573332992767978e-02 1.082533907092806840e+04
1.061875582598765938e-01 9.769977851429157454e+03
1.161546469174953439e-01 8.432628847282590868e+03
1.270572769693865678e-01 6.989115995648468925e+03
1.389832611892158898e-01 5.745890920063246085e+03
1.520286547258834220e-01 4.929129235552172759e+03
1.662985287580462379e-01 4.507883294938475956e+03
1.819078167662185608e-01 4.182647111744635367e+03
1.989822402385572342e-01 3.629120899302469752e+03
2.176593212662192023e-01 2.901267034057446836e+03
2.380894901840147349e-01 2.370243404298065343e+03
2.604372971775953949e-01 2.133762450076478672e+03
2.848827376157953006e-01 1.882475251072874016e+03
3.116227017827147838e-01 1.506791628286737023e+03
3.408725606860870116e-01 1.260353724281704899e+03
3.728679007144632407e-01 1.103983087768209089e+03
4.078664211146210694e-01 8.944409935364097919e+02
4.461500095720002945e-01 7.552308905938247108e+02
4.880270126114592544e-01 6.293545587307121423e+02
5.338347191047839724e-01 5.204822847058644584e+02
5.839420768877984225e-01 4.318965262635879867e+02
6.387526643674608096e-01 3.570916865541803418e+02
6.987079410530750989e-01 2.936101671785048097e+02
7.642908031922985845e-01 2.418808414848307109e+02
8.360294731500076404e-01 1.984732823585965207e+02
9.145017538561457382e-01 1.624760576027898935e+02
1.000339682589046708e+00 1.328228929176759436e+02
1.094234621577078848e+00 1.083611049055771787e+02
1.196942826419713946e+00 8.824297127382584449e+01
1.309291537177609710e+00 7.173654073633693429e+01
1.432185641191018544e+00 5.822188675014717063e+01
1.566614961290689889e+00 4.717768286815015699e+01
1.713662228102514673e+00 3.817012525986871196e+01
1.874511800657041594e+00 3.083708949326897297e+01
2.050459205542053631e+00 2.487772809273593566e+01
2.242921571429135064e+00 2.004292467897414909e+01
2.453449043016800779e+00 1.612670083182901237e+01
2.683737266321190695e+00 1.295940091047745746e+01
2.935641045874298083e+00 1.040163161222536203e+01
3.211189283828553176e+00 8.338988334239470390e+00
3.512601321291402900e+00 6.677910611431944865e+00
3.842304813507486649e+00 5.341929595280993759e+00
4.202955282860024511e+00 4.268801375073021376e+00
4.597457507176653912e+00 3.407845142923001891e+00
5.028988915607006227e+00 2.717902596345632027e+00
5.501025180508825052e+00 2.165636593360177109e+00
6.017368211466737726e+00 1.724036211640287419e+00
6.582176776915105165e+00 1.371294062859689689e+00
7.200000000000001954e+00 1.089811639266596188e+00
