# k[h/Mpc]    Pk[Mpc^3/h^3] (CDM+baryons, z=0, massless neutrinos)
1.000000000000000048e-04 4.451685686814832366e+02
1.018192851288654056e-04 4.529515860950068600e+02
1.036716682415320324e-04 4.608709669369094968e+02
1.055577514846969182e-04 4.689286815811767042e+02
1.074781479598227148e-04 4.771267294369673095e+02
1.094334819224358437e-04 4.854674591619267403e+02
1.114243889850503427e-04 4.939544394681564654e+02
1.134515163237845173e-04 5.025889461247053873e+02
1.155155228887354377e-04 5.113739722949250677e+02
1.176170796181814416e-04 5.203127696705679455e+02
1.197568696566808123e-04 5.294082523849780273e+02
1.219355885771395451e-04 5.386628608172409258e+02
1.241539446069180779e-04 5.480786587263135061e+02
1.264126588580515400e-04 5.576588152613102238e+02
1.287124655616594384e-04 5.674058709347436888e+02
1.310541123066188615e-04 5.773230396322610432e+02
1.334383602825797493e-04 5.874132030615442090e+02
1.358659845274025704e-04 5.976780829174055043e+02
1.383377741790963323e-04 6.081231519271971138e+02
1.408545327323400568e-04 6.187509607815978825e+02
1.434170782996723684e-04 6.295641613798953813e+02
1.460262438774317321e-04 6.405652031859009412e+02
1.486828776165345905e-04 6.517570994901736867e+02
1.513878430981813628e-04 6.631458410559981758e+02
1.541420196145766618e-04 6.747322730012970169e+02
1.569463024547576211e-04 6.865197939963653653e+02
1.598016031956211612e-04 6.985120369149245789e+02
1.627088499982476107e-04 7.107137008848203550e+02
1.656689879096138421e-04 7.231302690648435600e+02
1.686829791697952625e-04 7.357622488436668391e+02
1.717518035247584925e-04 7.486141594772591361e+02
1.748764585448427458e-04 7.616898997356335030e+02
1.780579599490355648e-04 7.749933578871325608e+02
1.812973419351494885e-04 7.885284694109903967e+02
1.845956575160039546e-04 8.022991993223304235e+02
1.879539788617241337e-04 8.163089016468319414e+02
1.913733976482663102e-04 8.305602135638164327e+02
1.948550254122856829e-04 8.450611323074358552e+02
1.983999939124585297e-04 8.598157807880996870e+02
2.020094554973777819e-04 8.748261745240022265e+02
2.056845834801435461e-04 8.900986527276938887e+02
2.094265725197667807e-04 9.056351613533884120e+02
2.132366390095114320e-04 9.214421562373041752e+02
2.171160214723039149e-04 9.375244619480705524e+02
2.210659809633339990e-04 9.538863997507753538e+02
2.250878014799803737e-04 9.705320157066244064e+02
2.291827903791957422e-04 9.874663528059525106e+02
2.333522788024834985e-04 1.004693984539332860e+03
2.375976221086056330e-04 1.022220097610019707e+03
2.419202003141653350e-04 1.040049998355615116e+03
2.463214185422023359e-04 1.058189201649572169e+03
2.508027074789512386e-04 1.076643399700892815e+03
2.553655238389076002e-04 1.095418038356656098e+03
2.600113508383580818e-04 1.114517392424184209e+03
2.647416986775227160e-04 1.133947070075236297e+03
2.695581050314685314e-04 1.153713343250615935e+03
2.744621355499574371e-04 1.173822633335784985e+03
2.794553843663845458e-04 1.194279264221620906e+03
2.845394746159758551e-04 1.215087769441935961e+03
2.897160589634161019e-04 1.236257680622221869e+03
2.949868201400724570e-04 1.257794551266804092e+03
3.003534714909940903e-04 1.279703081492484444e+03
3.058177575318607564e-04 1.301987984888501842e+03
3.113814545160675839e-04 1.324657089823235765e+03
3.170463710121235027e-04 1.347718197338218488e+03
3.228143484915545593e-04 1.371177267534476869e+03
3.286872619275051630e-04 1.395041101143720198e+03
3.346670204042274878e-04 1.419316235782922831e+03
3.407555677376585749e-04 1.444006879232565325e+03
3.469548831072907032e-04 1.469124926957049865e+03
3.532669816995344099e-04 1.494675112827193061e+03
3.596939153627857458e-04 1.520663634251231088e+03
3.662377732744146039e-04 1.547097842891849268e+03
3.729006826198842401e-04 1.573985617204145228e+03
3.796848092842254412e-04 1.601331011123127610e+03
3.865923585560943217e-04 1.629146310983551984e+03
3.936255758446357959e-04 1.657436896462556660e+03
4.007867474093881042e-04 1.686213592742867149e+03
4.080782011034704971e-04 1.715485257416040213e+03
4.155023071302878300e-04 1.745255715085791508e+03
4.230614788140018689e-04 1.775538801588912520e+03
4.307581733840231200e-04 1.806333256794458748e+03
4.385948927737709220e-04 1.837654511468710780e+03
4.465741844339673225e-04 1.869512288557579723e+03
4.546986421607269535e-04 1.901913493306959253e+03
4.629709069387099988e-04 1.934864083433658834e+03
4.713936677996192776e-04 1.968377754063794782e+03
4.799696626963114669e-04 2.002458943854491281e+03
4.887016793928109122e-04 2.037117545143306415e+03
4.975925563705199022e-04 2.072364640309362585e+03
5.066451837509105497e-04 2.108211431736698160e+03
5.158625042350036471e-04 2.144664076853004190e+03
5.252475140599437630e-04 2.181723999909210306e+03
5.348032639729722064e-04 2.219408698435618135e+03
5.445328602231193230e-04 2.257734826559915746e+03
5.544394655709439885e-04 2.296713768207779594e+03
5.645263003166376423e-04 2.336347313069817119e+03
5.747966433468323271e-04 2.376642590587039649e+03
5.852538332004588112e-04 2.417617474559661332e+03
5.959012691539901374e-04 2.459279181673323365e+03
6.067424123264289265e-04 2.501639711258841999e+03
6.177807868044028370e-04 2.544712436215568232e+03
6.290199807877237988e-04 2.588503852856154481e+03
6.404636477557869127e-04 2.633026955014444866e+03
6.521155076551968374e-04 2.678290428684992094e+03
6.639793481089937589e-04 2.724308992815197598e+03
6.760590256478781488e-04 2.771092008053191421e+03
6.883584669638424022e-04 2.818645327144728071e+03
7.008816701866015138e-04 2.866999402373264275e+03
7.136327061832506164e-04 2.916144398369111968e+03
7.266157198815622470e-04 2.966108662108877979e+03
7.398349316173659113e-04 3.016898855498276134e+03
7.532946385064322441e-04 3.068522915794303572e+03
7.669992158413210326e-04 3.121001639739813527e+03
7.809531185136364337e-04 3.174330694127525021e+03
7.951608824621657834e-04 3.228529926259131116e+03
8.096271261473557369e-04 3.283620490631708435e+03
8.243565520526149317e-04 3.339614150375233748e+03
8.393539482129358346e-04 3.396518781491255595e+03
8.546241897713193272e-04 3.454345817466319204e+03
8.701722405635155082e-04 3.513104653857802532e+03
8.860031547316025383e-04 3.572820426495184620e+03
9.021220783669138630e-04 3.633502952523280328e+03
9.185342511828547196e-04 3.695164867339409284e+03
9.352450082181596814e-04 3.757822359446869996e+03
9.522597815711297603e-04 3.821469910747890935e+03
9.695841021654195762e-04 3.886150299793497197e+03
9.872236015479583272e-04 3.951857564388737046e+03
1.005184013719570731e-03 4.018612896970308157e+03
1.023471176998903354e-03 4.086441440226187297e+03
1.042091035920268260e-03 4.155353831838546284e+03
1.061049643166006237e-03 4.225329265994165326e+03
1.080353161534003880e-03 4.296413615511277385e+03
1.100007865941020346e-03 4.368625879252525010e+03
1.120020145462436367e-03 4.441973040863746064e+03
1.140396505409130030e-03 4.516460840093352090e+03
1.161143569442140474e-03 4.592115762809278749e+03
1.182268081725779563e-03 4.668933386379532749e+03
1.203776909119937686e-03 4.746943874633911946e+03
1.225677043412273662e-03 4.826162847012410566e+03
1.247975603590990466e-03 4.906604596056096852e+03
1.270679838158989732e-03 4.988282780953161819e+03
1.293797127490108707e-03 5.071200675539833355e+03
1.317334986228223953e-03 5.155359045285240427e+03
1.341301065730015436e-03 5.240802059151973481e+03
1.365703156552156234e-03 5.327550052716002028e+03
1.390549190983755108e-03 5.415616022066613368e+03
1.415847245624880920e-03 5.505005862846443051e+03
1.441605544011986383e-03 5.595707020496711266e+03
1.467832459291095685e-03 5.687756710566448419e+03
1.494536516939638099e-03 5.781185107771584626e+03
1.521726397537785614e-03 5.875994505130705875e+03
1.549410939590209870e-03 5.972179138350913490e+03
1.577599142399188420e-03 6.069780321930568789e+03
1.606300168989966727e-03 6.168792096133572159e+03
1.635523349089341256e-03 6.269241958671450448e+03
1.665278182158445083e-03 6.371147432449528424e+03
1.695574340480695760e-03 6.474525263599938626e+03
1.726421672305918737e-03 6.579387858192669228e+03
1.757830205051689977e-03 6.685695872455179597e+03
1.789810148562901533e-03 6.793515453649589290e+03
1.822371898430628434e-03 6.902844262101857566e+03
1.855526039371401025e-03 7.013695617027814478e+03
1.889283348667912315e-03 7.126094697510410697e+03
1.923654799672356013e-03 7.240059052684465314e+03
1.958651565373502844e-03 7.355552678041104627e+03
1.994285022028632545e-03 7.472611084832993583e+03
2.030566752861590052e-03 7.591256077817055484e+03
2.067508551828088018e-03 7.711508689980377312e+03
2.105122427449517258e-03 7.833385112862715687e+03
2.143420606716516918e-03 7.956845542123273844e+03
2.182415539063549490e-03 8.081887234312963301e+03
2.222119900415780395e-03 8.208566759149596692e+03
2.262546597309603950e-03 8.336907443771162434e+03
2.303708771088110261e-03 8.466917143941353061e+03
2.345619802172884284e-03 8.598580875878924417e+03
2.388293314413537840e-03 8.731838068190787453e+03
2.431743179516352837e-03 8.866741077985912852e+03
2.475983521553492845e-03 9.003300534920523205e+03
2.521028721554273606e-03 9.141546085259096799e+03
2.566893422179938791e-03 9.281512725771119221e+03
2.613592532483482739e-03 9.423181530821862907e+03
2.661141232756091858e-03 9.566439792970903000e+03
2.709554979461731641e-03 9.711383718305401999e+03
2.758849510261511279e-03 9.858022158852894790e+03
2.809040849129475128e-03 1.000637289403892464e+04
2.860145311561445615e-03 1.015645427974651284e+04
2.912179509878621078e-03 1.030815722455771356e+04
2.965160358627711400e-03 1.046146836386064570e+04
3.019105080079240774e-03 1.061648384640229960e+04
3.074031209825939682e-03 1.077320751145583199e+04
3.129956602482987689e-03 1.093163358064419117e+04
3.186899437491901629e-03 1.109175076695255484e+04
3.244878225030087531e-03 1.125334735789160368e+04
3.303911812027855201e-03 1.141664557689319918e+04
3.364019388294905554e-03 1.158160485440683260e+04
3.425220492758303866e-03 1.174819885416029138e+04
3.487535019813910002e-03 1.191642302508690955e+04
3.550983225793357713e-03 1.208623769781797637e+04
3.615585735548721910e-03 1.225748340677137458e+04
3.681363549156942572e-03 1.243033461605310004e+04
3.748338048746226604e-03 1.260476796580939663e+04
3.816531005446670635e-03 1.278075789905916099e+04
3.885964586467303538e-03 1.295828307680127182e+04
3.956661362301879675e-03 1.313717676710518572e+04
4.028644314065801639e-03 1.331750352877143268e+04
4.101936840966486156e-03 1.349931404476611897e+04
4.176562767909641240e-03 1.368256418101784220e+04
4.252546353243950861e-03 1.386722228160895975e+04
4.329912296646630868e-03 1.405327983354389471e+04
4.408685747152437870e-03 1.424038930907564099e+04
4.488892311328791275e-03 1.442879750356266959e+04
4.570558061599583680e-03 1.461848341690329653e+04
4.653709544720419609e-03 1.480944260806000057e+04
4.738373790408112810e-03 1.500166292244753822e+04
4.824578320127069324e-03 1.519493803019075312e+04
4.912351156035600803e-03 1.538906620190186004e+04
5.001720830095009521e-03 1.558427388281424646e+04
5.092716393344296974e-03 1.578052524218401777e+04
5.185367425343695783e-03 1.597777612957336714e+04
5.279704043790010327e-03 1.617597512245979124e+04
5.375756914306787163e-03 1.637476914288957050e+04
5.473557260412724793e-03 1.657422901448168705e+04
5.573136873671352513e-03 1.677446775088719733e+04
5.674528124025369699e-03 1.697541062687435988e+04
5.777763970319049064e-03 1.717699540850620542e+04
5.882877971012012881e-03 1.737919956319097037e+04
5.989904295087934011e-03 1.758134589050976138e+04
6.098877733161739596e-03 1.778393233385959684e+04
6.209833708788841528e-03 1.798689279144879401e+04
6.322808289980108576e-03 1.819013938244817473e+04
6.437838200926385319e-03 1.839357937099796982e+04
6.554960833936262360e-03 1.859692807660367180e+04
6.674214261591017439e-03 1.879990601286691526e+04
6.795637249120757215e-03 1.900282985030953205e+04
6.919269267005656761e-03 1.920563177928352161e+04
7.045150503806445370e-03 1.940821172821928849e+04
7.173321879228382672e-03 1.961044012136848687e+04
7.303825057422841556e-03 1.981170834990806179e+04
7.436702460530880687e-03 2.001221646362274987e+04
7.571997282473287398e-03 2.021203628147326890e+04
7.709753502991424298e-03 2.041108318039061487e+04
7.850015901943519989e-03 2.060927464979879005e+04
7.992830073861156154e-03 2.080644788374141353e+04
8.138242442770402332e-03 2.100178245835259077e+04
8.286300277282729679e-03 2.119587785819275086e+04
8.437051705960476808e-03 2.138856015457650210e+04
8.590545732961701528e-03 2.157971737453414607e+04
8.746832253969855087e-03 2.176926866794371745e+04
8.905962072413141362e-03 2.195667417741300960e+04
9.067986915978947307e-03 2.214154565551473570e+04
9.232959453428814245e-03 2.232437517494074200e+04
9.400933311719227026e-03 2.250500644341216321e+04
9.571963093433890138e-03 2.268327880311111221e+04
9.746104394533217086e-03 2.285904757565046384e+04
9.923413822426669154e-03 2.303128287075222033e+04
1.010394901437385203e-02 2.320039305911208066e+04
1.028776865622049903e-02 2.336649272666173056e+04
1.047493250147520615e-02 2.352944004250354192e+04
1.066550139073323480e-02 2.368906885245370722e+04
1.085953727145377856e-02 2.384500373898035105e+04
1.105710321809694544e-02 2.399615212013127166e+04
1.125826345262708091e-02 2.414344677069025420e+04
1.146308336538921606e-02 2.428667671355299171e+04
1.167162953636518598e-02 2.442565622033566979e+04
1.188396975681655331e-02 2.456021892357990509e+04
1.210017305132118047e-02 2.468947185046700179e+04
1.232030970021084568e-02 2.481304717653506304e+04
1.254445126241695782e-02 2.493158411107586653e+04
1.277267059873187817e-02 2.504490280402970529e+04
1.300504189549357356e-02 2.515279618941079389e+04
1.324164068870101706e-02 2.525504283626093456e+04
1.348254388856834698e-02 2.535012942614995700e+04
1.372782980452582312e-02 2.543890899213788362e+04
1.397757817067552845e-02 2.552146000121043107e+04
1.423187017171016755e-02 2.559762591314896417e+04
1.449078846930352236e-02 2.566723645289009073e+04
1.475441722898090599e-02 2.572967738195304264e+04
1.502284214747852745e-02 2.578341472088464434e+04
1.529615048060052954e-02 2.582993970123332474e+04
1.557443107158297015e-02 2.586905772398104455e+04
1.585777437997368949e-02 2.590058210444239376e+04
1.614627251103758002e-02 2.592433552086082636e+04
1.644001924569696987e-02 2.593893155252606084e+04
1.673911007101656218e-02 2.594428437333868715e+04
1.704364221124297918e-02 2.594132867153470215e+04
1.735371465940915153e-02 2.592995235774488538e+04
1.766942820951353937e-02 2.590999493287481164e+04
1.799088548928476708e-02 2.588124109849457091e+04
1.831819099354253105e-02 2.584148307263986135e+04
1.865145111816521317e-02 2.579236727226717994e+04
1.899077419467561437e-02 2.573414082788102678e+04
1.933627052545575792e-02 2.566670449277696025e+04
1.968805241960255858e-02 2.558996326988086366e+04
2.004623422943563674e-02 2.550327576876402600e+04
2.041093238766928872e-02 2.540507082779720804e+04
2.078226544526092998e-02 2.529723312921008983e+04
2.116035410994791810e-02 2.517987386563634936e+04
2.154532128548546088e-02 2.505307260230389875e+04
2.193729211159857126e-02 2.491685084135473880e+04
2.233639400466067362e-02 2.476948224448250403e+04
2.274275669911225012e-02 2.461161808707386444e+04
2.315651228963324162e-02 2.444448964546293428e+04
2.357779527408245326e-02 2.426816521123940038e+04
2.400674259721816833e-02 2.408274136648203785e+04
2.444349369521435500e-02 2.388835590138083353e+04
2.488819054098654476e-02 2.368255179870374559e+04
2.534097769034242970e-02 2.346792463772722840e+04
2.580200232897193052e-02 2.324494102804677459e+04
2.627141432029242440e-02 2.301381628737961728e+04
2.674936625416414818e-02 2.277482973555285207e+04
2.723601349649189957e-02 2.252776637767937063e+04
2.773151423972935320e-02 2.227174041937407674e+04
2.823602955430197167e-02 2.200902733565134986e+04
2.874972344096543217e-02 2.174014725458487374e+04
2.927276288411684996e-02 2.146564901071085842e+04
2.980531790607564985e-02 2.118607115335043272e+04
3.034756162235194635e-02 2.090048257804887908e+04
3.089967029792066097e-02 2.060995763677580544e+04
3.146182340451917497e-02 2.031589406079742548e+04
3.203420367898752313e-02 2.001882744040936814e+04
3.261699718266979769e-02 1.971915581063275022e+04
3.321039336189655911e-02 1.941707174964160004e+04
3.381458510956728697e-02 1.911171570776740191e+04
3.442976882785318132e-02 1.880552887898315021e+04
3.505614449204105115e-02 1.849921641871044631e+04
3.569391571553836434e-02 1.819355240128401056e+04
3.634328981606090719e-02 1.788925065995264231e+04
3.700447788302495961e-02 1.758644483599751766e+04
3.767769484616516340e-02 1.728582819299325274e+04
3.836315954540073236e-02 1.698855780178908390e+04
3.906109480197312439e-02 1.669533625359252619e+04
3.977172749087744263e-02 1.640682567089386430e+04
4.049528861461189344e-02 1.612356725792332691e+04
4.123201337826865737e-02 1.584580898847321441e+04
4.198214126599129209e-02 1.557395921823323624e+04
4.274591611882278680e-02 1.530829588860984768e+04
4.352358621396981014e-02 1.504915464415583483e+04
4.431540434550947788e-02 1.479690015516408494e+04
4.512162790656396028e-02 1.455197519960786303e+04
4.594251897297006032e-02 1.431554718609836345e+04
4.677834438847147669e-02 1.408715872715928163e+04
4.762937585146043151e-02 1.386684649775441903e+04
4.849589000329746630e-02 1.365467174185465774e+04
4.937816851823838976e-02 1.345065884069060667e+04
5.027649819499679928e-02 1.325520623622817766e+04
5.119117104997271406e-02 1.306822954653331544e+04
5.212248441217692818e-02 1.288863356732422471e+04
5.307074101988284998e-02 1.271605028717921050e+04
5.403624911903631006e-02 1.254999428586517570e+04
5.501932256345561101e-02 1.238989617805111993e+04
5.602028091685504890e-02 1.223600057298256615e+04
5.703944955672407557e-02 1.208678465798860270e+04
5.807715978009624774e-02 1.194118784691311157e+04
5.913374891124294208e-02 1.179838236744157803e+04
6.020956041132585757e-02 1.165750845743203536e+04
6.130494399004434575e-02 1.151761581883650433e+04
6.242025571931449079e-02 1.137696808419342233e+04
6.355585814901575092e-02 1.123475831829896742e+04
6.471212042484364435e-02 1.108998971721422276e+04
6.588941840830631058e-02 1.094172615484062590e+04
6.708813479890453346e-02 1.078906619521449647e+04
6.830865925853425724e-02 1.062994696722559092e+04
6.955138853815211186e-02 1.046273966920867679e+04
7.081672660674612207e-02 1.028815912554834540e+04
7.210508478265199861e-02 1.010574940787878586e+04
7.341688186725858767e-02 9.915243451196525712e+03
7.475254428114630478e-02 9.716576933682788876e+03
7.611250620270181011e-02 9.506849949661027495e+03
7.749720970925433328e-02 9.288266052430617492e+03
7.890710492078044369e-02 9.062101410636414585e+03
8.034265014622242462e-02 8.829118791655002497e+03
8.180431203246910088e-02 8.590324619373599489e+03
8.329256571604647108e-02 8.346619552339399888e+03
8.480789497756895112e-02 8.097935351659243679e+03
8.635079239899974557e-02 7.848180403287164154e+03
8.792175952377219439e-02 7.599034066312820869e+03
8.952130701982498329e-02 7.352329185821176907e+03
9.114995484560270422e-02 7.109853311607458636e+03
9.280823241907629195e-02 6.872895879290753328e+03
9.449667878983940283e-02 6.644209830662183776e+03
9.621584281433476216e-02 6.425601724785066835e+03
9.796628333426847524e-02 6.218060089050538409e+03
9.974856935827097759e-02 6.022535198619380026e+03
1.015632802468619950e-01 5.840023630660836716e+03
1.034110059007811722e-01 5.673302752843251255e+03
1.052923469527442119e-01 5.521151460585603672e+03
1.072079149626888606e-01 5.382714348740151763e+03
1.091583326165718459e-01 5.257440300471006594e+03
1.111442339287825876e-01 5.144560794055904807e+03
1.131662644482403085e-01 5.043342376464937843e+03
1.152250814682397734e-01 4.952853761902892984e+03
1.173213542401145143e-01 4.869261160955214109e+03
1.194557641907884188e-01 4.790513643687295371e+03
1.216290051442840969e-01 4.714450280786185431e+03
1.238417835472609974e-01 4.638859348506433889e+03
1.260948186986580177e-01 4.560660167265994460e+03
1.283888429835126355e-01 4.476806670357853363e+03
1.307246021110340384e-01 4.386326831250191390e+03
1.331028553570085537e-01 4.288205853266345912e+03
1.355243758106138563e-01 4.181789523402972918e+03
1.379899506257241670e-01 4.066788949962925926e+03
1.405003812767867122e-01 3.940807001703596598e+03
1.430564838193544852e-01 3.808002009871179325e+03
1.456590891553579126e-01 3.670755178754964163e+03
1.483090433032021316e-01 3.531312288104380059e+03
1.510072076727798640e-01 3.392013114804894030e+03
1.537544593454858166e-01 3.255219947213209252e+03
1.565516913593256454e-01 3.124425582676850354e+03
1.593998129992131307e-01 3.002367309627655686e+03
1.622997500925472680e-01 2.890333739800316835e+03
1.652524453101666957e-01 2.789132439678210176e+03
1.682588584727810199e-01 2.699159709946504336e+03
1.713199668629750150e-01 2.621780102085877388e+03
1.744367655428904484e-01 2.555418154385313301e+03
1.776102676776860900e-01 2.497291630251658717e+03
1.808415048648842893e-01 2.445274031733608808e+03
1.841315274697077342e-01 2.397020843735360359e+03
1.874814049665168569e-01 2.350026880342875756e+03
1.908922262864606312e-01 2.300180894459260799e+03
1.943651001714505333e-01 2.245601978014186898e+03
1.979011555345740747e-01 2.185352641624934222e+03
2.015015418270673930e-01 2.119185514092445828e+03
2.051674294119619768e-01 2.047532746577290709e+03
2.089000099445292302e-01 1.971037524004868146e+03
2.127004967596484164e-01 1.891816507824106793e+03
2.165701252662195486e-01 1.813681930363488391e+03
2.205101533487533183e-01 1.738716808225583009e+03
2.245218617762654856e-01 1.668621095292297696e+03
2.286065546186128450e-01 1.604697713310438075e+03
2.327655596704011065e-01 1.548866874934577481e+03
2.370002288826050518e-01 1.500734812622811205e+03
2.413119388020432687e-01 1.458542457621337689e+03
2.457020910188459084e-01 1.420659262873212356e+03
2.501721126220631253e-01 1.385275708998667824e+03
2.547234566635647179e-01 1.350516656314880720e+03
2.593576026303771598e-01 1.313366733627330859e+03
2.640760569256134782e-01 1.273176263749373902e+03
2.688803533581552996e-01 1.230039310234460800e+03
2.737720536412410199e-01 1.184608915581741712e+03
2.787527479001258301e-01 1.137970719651793843e+03
2.838240551889765206e-01 1.091602963161033131e+03
2.889876240171723176e-01 1.047908898364917150e+03
2.942451328851785064e-01 1.008048177542858184e+03
2.995982908301688674e-01 9.723039492588269468e+02
3.050488379815770590e-01 9.404166363340592625e+02
3.105985461267529724e-01 9.116726913332333879e+02
3.162492192869091334e-01 8.848939929690573081e+02
3.220026943035488309e-01 8.581585271426191639e+02
3.278608414355596024e-01 8.306382750246008300e+02
3.338255649671697523e-01 8.020100231165961304e+02
3.398988038269684098e-01 7.723994058388631174e+02
3.460825322181838581e-01 7.423780527484398135e+02
3.523787602604305236e-01 7.131652815948324360e+02
3.587895346431287935e-01 6.858113003153064255e+02
3.653169392908166557e-01 6.606662892342210398e+02
3.719630960405611586e-01 6.376541112334641639e+02
3.787301653316944572e-01 6.163744966972831207e+02
3.856203469081013746e-01 5.960980570475717286e+02
3.926358805332800794e-01 5.758878801208322784e+02
3.997790467184118013e-01 5.553829491517683437e+02
4.070521674636797815e-01 5.346953178506505537e+02
4.144576070130712719e-01 5.141625228865450481e+02
4.219977726229114934e-01 4.942526445091587561e+02
4.296751153443834070e-01 4.755531655773730790e+02
4.374921308202791015e-01 4.582556875955793885e+02
4.454513600962493047e-01 4.419875991951861351e+02
4.535553904468090924e-01 4.263870902297722409e+02
4.618068562163753499e-01 4.111214962856632837e+02
4.702084396756012197e-01 3.959174963711934652e+02
4.787628718932894767e-01 3.807536548820500570e+02
4.874729336241730993e-01 3.660999208081365737e+02
4.963414562128421470e-01 3.521650458452822363e+02
5.053713225141164278e-01 3.390009040761468668e+02
5.145654678301662122e-01 3.265235737135494674e+02
5.239268808646776465e-01 3.144723058118972858e+02
5.334586046943771143e-01 3.026455370045930522e+02
5.431637377582348991e-01 2.910966668135528721e+02
5.530454348646605123e-01 2.799180023599566312e+02
5.631069082170223616e-01 2.691823734659389515e+02
5.733514284578283826e-01 2.589211780622060814e+02
5.837823257318991432e-01 2.490923994381741124e+02
5.944029907688848091e-01 2.396004443127114882e+02
6.052168759854743563e-01 2.304161004440410636e+02
6.162274966076619620e-01 2.215336785001847488e+02
6.274384318134254013e-01 2.129593507449547474e+02
6.388533258961933692e-01 2.047050010234634954e+02
6.504758894494848676e-01 1.967705509521431111e+02
6.623099005730950228e-01 1.891370328045925078e+02
6.743592061012246841e-01 1.817856373009279309e+02
6.866277228529591437e-01 1.747021242816049664e+02
6.991194389054908864e-01 1.678763479325173762e+02
7.118384148905058106e-01 1.613001268963870132e+02
7.247887853141601333e-01 1.549683007120376033e+02
7.379747599010648695e-01 1.488743982189956228e+02
7.514006249627259715e-01 1.430100168519120700e+02
7.650707447908745573e-01 1.373666149524695186e+02
7.789895630761547451e-01 1.319355754709017958e+02
7.931616043526137361e-01 1.267063651813528082e+02
8.075914754684712094e-01 1.216741557880298785e+02
8.222838670836538633e-01 1.168325554824525057e+02
8.372435551945670573e-01 1.121752844746646218e+02
8.524754026866058210e-01 1.076961076922871570e+02
8.679843609149188177e-01 1.033879464397450079e+02
8.837754713139223117e-01 9.924363877031470338e+01
8.998538670360967107e-01 9.525864697375668300e+01
9.162247746206046983e-01 9.142713175356033162e+01
9.328935156922580907e-01 8.774344600328157640e+01
9.498655086913979639e-01 8.420216120045000707e+01
9.671462706352423888e-01 8.079739523621032049e+01
9.847414189112857485e-01 7.752438398924040541e+01
1.002656673103317075e+00 7.437883435418579836e+01
1.020897856850663477e+00 7.135607320606823123e+01
1.039470899741254284e+00 6.845158336880936645e+01
1.058381839239129318e+00 6.566095365633728420e+01
1.077636822647020098e+00 6.297882496550037246e+01
1.097242109104616281e+00 6.040225007307860494e+01
1.117204071623204564e+00 5.792731037210855760e+01
1.137529199157325532e+00 5.555016738131394050e+01
1.158224098714097927e+00 5.326715934326031743e+01
1.179295497500937762e+00 5.107458527863867204e+01
1.200750245112352843e+00 4.896848946984032835e+01
1.222595315756498158e+00 4.694631301946608204e+01
1.244837810522259947e+00 4.500487164076136537e+01
1.267484959687586565e+00 4.314108361416671755e+01
1.290544125069789771e+00 4.135197140665761140e+01
1.314022802418629343e+00 3.963427408069755131e+01
1.337928623852933541e+00 3.798538702145438606e+01
1.362269360341522129e+00 3.640298489209982336e+01
1.387052924229306816e+00 3.488446280806545730e+01
1.412287371809304970e+00 3.342731183708976772e+01
1.437980905941474319e+00 3.202915006553109833e+01
1.464141878719193102e+00 3.068724976444084618e+01
1.490778794184223655e+00 2.939988779644845707e+01
1.517900311091094689e+00 2.816494254531052732e+01
1.545515245721778452e+00 2.698036587622133808e+01
1.573632574751544055e+00 2.584418787358573510e+01
1.602261438166979080e+00 2.475438367896859759e+01
1.631411142237097822e+00 2.370900023311633475e+01
1.661091162538472332e+00 2.270652391150300531e+01
1.691311147035430507e+00 2.174526381421368271e+01
1.722080919216290917e+00 2.082358696523313668e+01
1.753410481286623579e+00 1.993991646009127905e+01
1.785310017420636663e+00 1.909256870023164510e+01
1.817789897071716787e+00 1.828019028336969143e+01
1.850860678343162258e+00 1.750147122350751516e+01
1.884533111420275020e+00 1.675506833624218572e+01
1.918818142064890653e+00 1.603968832581817594e+01
1.953726915173450651e+00 1.535407897334985350e+01
1.989270778399840234e+00 1.469681933800336182e+01
2.025461285844135872e+00 1.406700575525165320e+01
2.062310201808426502e+00 1.346351965891386904e+01
2.099829504620999376e+00 1.288529628677699534e+01
2.138031390530099607e+00 1.233131313314128086e+01
2.176928277668485734e+00 1.180051663452670141e+01
2.216532810090176664e+00 1.129192876793983125e+01
2.256857861880572358e+00 1.080475130537501727e+01
2.297916541341392893e+00 1.033811297333693346e+01
2.339722195251757952e+00 9.891174084689335899e+00
2.382288413206739008e+00 9.463124472862412873e+00
2.425629032034890553e+00 9.053090419287384449e+00
2.469758140296145932e+00 8.660402914533818830e+00
2.514690082861498865e+00 8.284374906017541562e+00
2.560439465576048956e+00 7.924319906963789073e+00
2.607021160006877558e+00 7.579577993564487137e+00
2.654450308277259918e+00 7.249506046104205126e+00
2.702742327988867821e+00 6.933424208287868318e+00
2.751912917233522826e+00 6.630834255930682986e+00
2.801978059696081491e+00 6.341179696716111813e+00
2.852954029850200968e+00 6.063920731546029508e+00
2.904857398248635203e+00 5.798536890618047224e+00
2.957705036909722196e+00 5.544505380099639780e+00
3.011514124801920822e+00 5.301345481181328978e+00
3.066302153428126953e+00 5.068639753793998892e+00
3.122086932511527912e+00 4.845949950486460267e+00
3.178886595784957247e+00 4.632854498843240521e+00
3.236719606885571920e+00 4.428948042208264546e+00
3.295604765356715760e+00 4.233808212420264283e+00
3.355561212759026635e+00 4.047094885655167396e+00
3.416608438892731137e+00 3.868462595117568625e+00
3.478766288133063878e+00 3.697568792152260198e+00
3.542054965881055395e+00 3.534085783155745730e+00
3.606495045131572041e+00 3.377696929276342797e+00
3.672107473160914903e+00 3.228073013987041939e+00
3.738913578336090726e+00 3.084957975469089231e+00
3.806935077047892690e+00 2.948075603051450777e+00
3.876194080770182016e+00 2.817160798272008826e+00
3.946713103247599275e+00 2.691959492113745966e+00
4.018515067813969388e+00 2.572217829655580879e+00
4.091623314843920944e+00 2.457697401526887315e+00
4.166061609340070859e+00 2.348187420214696619e+00
4.241854148658170232e+00 2.243475049535701427e+00
4.319025570372864387e+00 2.143355138578913355e+00
4.397600960286556671e+00 2.047629313627950420e+00
4.477605860583897091e+00 1.956094244071578281e+00
4.559066278134701555e+00 1.868583344984336092e+00
4.642008692947928949e+00 1.784925108720500475e+00
4.726460066779375246e+00 1.704952081058747959e+00
4.812447851896049400e+00 1.628504737260694668e+00
4.900000000000001243e+00 1.555429460045544499e+00
