# k[h/Mpc]    Pk[Mpc^3/h^3] (CDM+baryons, z=0, sum m_nu = 0.1 eV)
1.000000000000000048e-04 4.453868513922415673e+02
1.018192851288654056e-04 4.531740111332164815e+02
1.036716682415320324e-04 4.610973218553936590e+02
1.055577514846969182e-04 4.691590591128901906e+02
1.074781479598227148e-04 4.773612669143553831e+02
1.094334819224358437e-04 4.857062141066958816e+02
1.114243889850503427e-04 4.941975432797478334e+02
1.134515163237845173e-04 5.028362268993769817e+02
1.155155228887354377e-04 5.116261107101549896e+02
1.176170796181814416e-04 5.205700687548009000e+02
1.197568696566808123e-04 5.296706952738823020e+02
1.219355885771395451e-04 5.389303377525707219e+02
1.241539446069180779e-04 5.483506480755396524e+02
1.264126588580515400e-04 5.579365517226398197e+02
1.287124655616594384e-04 5.676889264031846096e+02
1.310541123066188615e-04 5.776113048617648928e+02
1.334383602825797493e-04 5.877070907494808125e+02
1.358659845274025704e-04 5.979776546773654218e+02
1.383377741790963323e-04 6.084286478230139892e+02
1.408545327323400568e-04 6.190634340994761260e+02
1.434170782996723684e-04 6.298831994772374401e+02
1.460262438774317321e-04 6.408904649109365437e+02
1.486828776165345905e-04 6.520890390798624594e+02
1.513878430981813628e-04 6.634841987132417671e+02
1.541420196145766618e-04 6.750780030892237846e+02
1.569463024547576211e-04 6.868724698983196504e+02
1.598016031956211612e-04 6.988719086248860322e+02
1.627088499982476107e-04 7.110809846443842162e+02
1.656689879096138421e-04 7.235041805429062833e+02
1.686829791697952625e-04 7.361444203501609991e+02
1.717518035247584925e-04 7.490052496795043453e+02
1.748764585448427458e-04 7.620894118452563362e+02
1.780579599490355648e-04 7.754009621115069422e+02
1.812973419351494885e-04 7.889444776050072505e+02
1.845956575160039546e-04 8.027245504680298609e+02
1.879539788617241337e-04 8.167446857695913423e+02
1.913733976482663102e-04 8.310066933342136508e+02
1.948550254122856829e-04 8.455186160278758507e+02
1.983999939124585297e-04 8.602838051301364430e+02
2.020094554973777819e-04 8.753035991712167743e+02
2.056845834801435461e-04 8.905871678554065056e+02
2.094265725197667807e-04 9.061359967539696072e+02
2.132366390095114320e-04 9.219558684742429477e+02
2.171160214723039149e-04 9.380512965445601594e+02
2.210659809633339990e-04 9.544263538517420784e+02
2.250878014799803737e-04 9.710850607777716732e+02
2.291827903791957422e-04 9.880360172072332716e+02
2.333522788024834985e-04 1.005278949595024073e+03
2.375976221086056330e-04 1.022820248101835773e+03
2.419202003141653350e-04 1.040666356257398320e+03
2.463214185422023359e-04 1.058823516122627780e+03
2.508027074789512386e-04 1.077297129400497397e+03
2.553655238389076002e-04 1.096089731246708197e+03
2.600113508383580818e-04 1.115207736034456730e+03
2.647416986775227160e-04 1.134657467218786223e+03
2.695581050314685314e-04 1.154445133754853032e+03
2.744621355499574371e-04 1.174576602629929766e+03
2.794553843663845458e-04 1.195056194467346586e+03
2.845394746159758551e-04 1.215889886189177560e+03
2.897160589634161019e-04 1.237083780871848376e+03
2.949868201400724570e-04 1.258646504637255703e+03
3.003534714909940903e-04 1.280584402348029471e+03
3.058177575318607564e-04 1.302899966653327965e+03
3.113814545160675839e-04 1.325601882925499922e+03
3.170463710121235027e-04 1.348698497122261870e+03
3.228143484915545593e-04 1.372192808064046631e+03
3.286872619275051630e-04 1.396092481735255205e+03
3.346670204042274878e-04 1.420405528638605801e+03
3.407555677376585749e-04 1.445134462339903166e+03
3.469548831072907032e-04 1.470297780064544668e+03
3.532669816995344099e-04 1.495890743275444720e+03
3.596939153627857458e-04 1.521923269384641571e+03
3.662377732744146039e-04 1.548405104435895282e+03
3.729006826198842401e-04 1.575344347940288571e+03
3.796848092842254412e-04 1.602744313966210711e+03
3.865923585560943217e-04 1.630615779366370134e+03
3.936255758446357959e-04 1.658966460174540089e+03
4.007867474093881042e-04 1.687805830801594993e+03
4.080782011034704971e-04 1.717141787537794926e+03
4.155023071302878300e-04 1.746979201833881916e+03
4.230614788140018689e-04 1.777333026062590534e+03
4.307581733840231200e-04 1.808201687849208383e+03
4.385948927737709220e-04 1.839599542150488787e+03
4.465741844339673225e-04 1.871536854541468529e+03
4.546986421607269535e-04 1.904020869625597015e+03
4.629709069387099988e-04 1.937054647251579809e+03
4.713936677996192776e-04 1.970658622732627691e+03
4.799696626963114669e-04 2.004835630532460300e+03
4.887016793928109122e-04 2.039595510757842703e+03
4.975925563705199022e-04 2.074948714860499877e+03
5.066451837509105497e-04 2.110905051989635467e+03
5.158625042350036471e-04 2.147467485394421146e+03
5.252475140599437630e-04 2.184646818687293944e+03
5.348032639729722064e-04 2.222454780993261920e+03
5.445328602231193230e-04 2.260906405841769356e+03
5.544394655709439885e-04 2.300013589455304100e+03
5.645263003166376423e-04 2.339780638423370874e+03
5.747966433468323271e-04 2.380213956790592874e+03
5.852538332004588112e-04 2.421330162276998635e+03
5.959012691539901374e-04 2.463142360056856887e+03
6.067424123264289265e-04 2.505660903450208025e+03
6.177807868044028370e-04 2.548895043529224495e+03
6.290199807877237988e-04 2.592853503725742030e+03
6.404636477557869127e-04 2.637547859961528957e+03
6.521155076551968374e-04 2.682986067217245363e+03
6.639793481089937589e-04 2.729186320037650603e+03
6.760590256478781488e-04 2.776159065435963839e+03
6.883584669638424022e-04 2.823908365094953751e+03
7.008816701866015138e-04 2.872464309735298684e+03
7.136327061832506164e-04 2.921813845992839106e+03
7.266157198815622470e-04 2.971991507276563425e+03
7.398349316173659113e-04 3.023000352132011813e+03
7.532946385064322441e-04 3.074846231394496044e+03
7.669992158413210326e-04 3.127556162088232668e+03
7.809531185136364337e-04 3.181119855100471341e+03
7.951608824621657834e-04 3.235563020746008988e+03
8.096271261473557369e-04 3.290899431727310457e+03
8.243565520526149317e-04 3.347142133115312845e+03
8.393539482129358346e-04 3.404304098277706998e+03
8.546241897713193272e-04 3.462395367576642911e+03
8.701722405635155082e-04 3.521419298231955054e+03
8.860031547316025383e-04 3.581402646138047203e+03
9.021220783669138630e-04 3.642362025770275068e+03
9.185342511828547196e-04 3.704311749652546951e+03
9.352450082181596814e-04 3.767262785925035587e+03
9.522597815711297603e-04 3.831201788498837232e+03
9.695841021654195762e-04 3.896174202250002509e+03
9.872236015479583272e-04 3.962178045041409405e+03
1.005184013719570731e-03 4.029234941155405522e+03
1.023471176998903354e-03 4.097367954187357100e+03
1.042091035920268260e-03 4.166582557799855749e+03
1.061049643166006237e-03 4.236861411937302364e+03
1.080353161534003880e-03 4.308248569006131220e+03
1.100007865941020346e-03 4.380762179563085738e+03
1.120020145462436367e-03 4.454413492584383675e+03
1.140396505409130030e-03 4.529211880722979004e+03
1.161143569442140474e-03 4.605168346899209610e+03
1.182268081725779563e-03 4.682294856925313979e+03
1.203776909119937686e-03 4.760614350250511052e+03
1.225677043412273662e-03 4.840140664575210394e+03
1.247975603590990466e-03 4.920885261387627907e+03
1.270679838158989732e-03 5.002857654256530623e+03
1.293797127490108707e-03 5.086066684597617495e+03
1.317334986228223953e-03 5.170503707841979121e+03
1.341301065730015436e-03 5.256219162722485635e+03
1.365703156552156234e-03 5.343237085778402616e+03
1.390549190983755108e-03 5.431568660244214698e+03
1.415847245624880920e-03 5.521206085473892017e+03
1.441605544011986383e-03 5.612133804360876638e+03
1.467832459291095685e-03 5.704400963989854063e+03
1.494536516939638099e-03 5.798029278584073836e+03
1.521726397537785614e-03 5.893021451638555845e+03
1.549410939590209870e-03 5.989377157447085665e+03
1.577599142399188420e-03 6.087130737591762227e+03
1.606300168989966727e-03 6.186274441634488539e+03
1.635523349089341256e-03 6.286823879161719560e+03
1.665278182158445083e-03 6.388814681654250307e+03
1.695574340480695760e-03 6.492265825898144612e+03
1.726421672305918737e-03 6.597164915299836139e+03
1.757830205051689977e-03 6.703485998592763281e+03
1.789810148562901533e-03 6.811278190388766234e+03
1.822371898430628434e-03 6.920549333351552377e+03
1.855526039371401025e-03 7.031313591739595722e+03
1.889283348667912315e-03 7.143595007983953110e+03
1.923654799672356013e-03 7.257412237905359689e+03
1.958651565373502844e-03 7.372708183957490292e+03
1.994285022028632545e-03 7.489536940059882909e+03
2.030566752861590052e-03 7.607899572841936788e+03
2.067508551828088018e-03 7.727821678865179820e+03
2.105122427449517258e-03 7.849337567235082133e+03
2.143420606716516918e-03 7.972371627506491677e+03
2.182415539063549490e-03 8.096950167992912611e+03
2.222119900415780395e-03 8.223122225841181717e+03
2.262546597309603950e-03 8.350897245148584261e+03
2.303708771088110261e-03 8.480280283108517324e+03
2.345619802172884284e-03 8.611270007305047329e+03
2.388293314413537840e-03 8.743782889454465476e+03
2.431743179516352837e-03 8.877881604647964195e+03
2.475983521553492845e-03 9.013567291699746420e+03
2.521028721554273606e-03 9.150877672245562280e+03
2.566893422179938791e-03 9.289857112593970669e+03
2.613592532483482739e-03 9.430473093089342001e+03
2.661141232756091858e-03 9.572594645630028026e+03
2.709554979461731641e-03 9.716314751341649753e+03
2.758849510261511279e-03 9.861668080091410957e+03
2.809040849129475128e-03 1.000866340583314741e+04
2.860145311561445615e-03 1.015728588021961696e+04
2.912179509878621078e-03 1.030744723075554066e+04
2.965160358627711400e-03 1.045915139249240747e+04
3.019105080079240774e-03 1.061246822926654750e+04
3.074031209825939682e-03 1.076741363844365333e+04
3.129956602482987689e-03 1.092398820499575595e+04
3.186899437491901629e-03 1.108216279396562277e+04
3.244878225030087531e-03 1.124171708503937225e+04
3.303911812027855201e-03 1.140290094999112807e+04
3.364019388294905554e-03 1.156565861941020921e+04
3.425220492758303866e-03 1.172994902814816851e+04
3.487535019813910002e-03 1.189576262102445253e+04
3.550983225793357713e-03 1.206308187699677546e+04
3.615585735548721910e-03 1.223174193362855294e+04
3.681363549156942572e-03 1.240189730103052170e+04
3.748338048746226604e-03 1.257353426979820506e+04
3.816531005446670635e-03 1.274663463793013398e+04
3.885964586467303538e-03 1.292117957927238240e+04
3.956661362301879675e-03 1.309700980963545044e+04
4.028644314065801639e-03 1.327418569264121834e+04
4.101936840966486156e-03 1.345272136335805408e+04
4.176562767909641240e-03 1.363258700192226206e+04
4.252546353243950861e-03 1.381378013782466223e+04
4.329912296646630868e-03 1.399632021114702366e+04
4.408685747152437870e-03 1.417978998747283003e+04
4.488892311328791275e-03 1.436442525978185222e+04
4.570558061599583680e-03 1.455023181091280821e+04
4.653709544720419609e-03 1.473721045839053295e+04
4.738373790408112810e-03 1.492535119472016777e+04
4.824578320127069324e-03 1.511448501473086071e+04
4.912351156035600803e-03 1.530434990314673814e+04
5.001720830095009521e-03 1.549520353738823360e+04
5.092716393344296974e-03 1.568700771960642851e+04
5.185367425343695783e-03 1.587971773955431490e+04
5.279704043790010327e-03 1.607328553143374666e+04
5.375756914306787163e-03 1.626734906389189018e+04
5.473557260412724793e-03 1.646197661199391223e+04
5.573136873671352513e-03 1.665728051238985427e+04
5.674528124025369699e-03 1.685318484315087699e+04
5.777763970319049064e-03 1.704962923561639764e+04
5.882877971012012881e-03 1.724659875655082578e+04
5.989904295087934011e-03 1.744346008004082978e+04
6.098877733161739596e-03 1.764062335608527792e+04
6.209833708788841528e-03 1.783805589500284259e+04
6.322808289980108576e-03 1.803569547406700076e+04
6.437838200926385319e-03 1.823345178342873987e+04
6.554960833936262360e-03 1.843097250264045579e+04
6.674214261591017439e-03 1.862806517358183919e+04
6.795637249120757215e-03 1.882501903747432880e+04
6.919269267005656761e-03 1.902173063641336194e+04
7.045150503806445370e-03 1.921810135491711117e+04
7.173321879228382672e-03 1.941404192083826274e+04
7.303825057422841556e-03 1.960892463042890813e+04
7.436702460530880687e-03 1.980294289781308908e+04
7.571997282473287398e-03 1.999618278900930090e+04
7.709753502991424298e-03 2.018853916759798449e+04
7.850015901943519989e-03 2.037992402405730900e+04
7.992830073861156154e-03 2.057022549336258453e+04
8.138242442770402332e-03 2.075863332183200691e+04
8.286300277282729679e-03 2.094563474817475435e+04
8.437051705960476808e-03 2.113112043036551768e+04
8.590545732961701528e-03 2.131499371442294432e+04
8.746832253969855087e-03 2.149715870134632496e+04
8.905962072413141362e-03 2.167709199535358130e+04
9.067986915978947307e-03 2.185443339921194274e+04
9.232959453428814245e-03 2.202962009655000293e+04
9.400933311719227026e-03 2.220253912751793905e+04
9.571963093433890138e-03 2.237304753903820892e+04
9.746104394533217086e-03 2.254097260693797944e+04
9.923413822426669154e-03 2.270532240623545658e+04
1.010394901437385203e-02 2.286643045413001164e+04
1.028776865622049903e-02 2.302450202314705530e+04
1.047493250147520615e-02 2.317938706789362550e+04
1.066550139073323480e-02 2.333089543823724671e+04
1.085953727145377856e-02 2.347867827913115980e+04
1.105710321809694544e-02 2.362164447485044366e+04
1.125826345262708091e-02 2.376072649108888436e+04
1.146308336538921606e-02 2.389572048062231261e+04
1.167162953636518598e-02 2.402645571814315917e+04
1.188396975681655331e-02 2.415278074744735568e+04
1.210017305132118047e-02 2.427379894113494447e+04
1.232030970021084568e-02 2.438917140549554460e+04
1.254445126241695782e-02 2.449955838089310055e+04
1.277267059873187817e-02 2.460477315249898675e+04
1.300504189549357356e-02 2.470460254914690086e+04
1.324164068870101706e-02 2.479883294211129032e+04
1.348254388856834698e-02 2.488604718555156069e+04
1.372782980452582312e-02 2.496704552566256461e+04
1.397757817067552845e-02 2.504190365484695576e+04
1.423187017171016755e-02 2.511044970361190281e+04
1.449078846930352236e-02 2.517251539300206787e+04
1.475441722898090599e-02 2.522755925947687501e+04
1.502284214747852745e-02 2.527406338846621293e+04
1.529615048060052954e-02 2.531349818551731369e+04
1.557443107158297015e-02 2.534569965634842083e+04
1.585777437997368949e-02 2.537048500576373044e+04
1.614627251103758002e-02 2.538765403111635896e+04
1.644001924569696987e-02 2.539578508777228490e+04
1.673911007101656218e-02 2.539494584331957958e+04
1.704364221124297918e-02 2.538602695123069498e+04
1.735371465940915153e-02 2.536885084669991193e+04
1.766942820951353937e-02 2.534324942854770779e+04
1.799088548928476708e-02 2.530909231265872586e+04
1.831819099354253105e-02 2.526417950449166165e+04
1.865145111816521317e-02 2.521010595393355106e+04
1.899077419467561437e-02 2.514714084359817207e+04
1.933627052545575792e-02 2.507521300878647162e+04
1.968805241960255858e-02 2.499422614519852868e+04
2.004623422943563674e-02 2.490346615519467377e+04
2.041093238766928872e-02 2.480145305272414771e+04
2.078226544526092998e-02 2.469010620046986514e+04
2.116035410994791810e-02 2.456953989198440831e+04
2.154532128548546088e-02 2.443980649142836046e+04
2.193729211159857126e-02 2.430088777040789500e+04
2.233639400466067362e-02 2.415109499548404347e+04
2.274275669911225012e-02 2.399118535324378900e+04
2.315651228963324162e-02 2.382231452976612127e+04
2.357779527408245326e-02 2.364456148966180626e+04
2.400674259721816833e-02 2.345801098005750464e+04
2.444349369521435500e-02 2.326274038770982952e+04
2.488819054098654476e-02 2.305639504400905207e+04
2.534097769034242970e-02 2.284171570870868163e+04
2.580200232897193052e-02 2.261904969881971920e+04
2.627141432029242440e-02 2.238848592604201986e+04
2.674936625416414818e-02 2.215024147775934398e+04
2.723601349649189957e-02 2.190426453549183498e+04
2.773151423972935320e-02 2.164954215770584779e+04
2.823602955430197167e-02 2.138842756348886542e+04
2.874972344096543217e-02 2.112153018446501301e+04
2.927276288411684996e-02 2.084940063592077422e+04
2.980531790607564985e-02 2.057250597406666930e+04
3.034756162235194635e-02 2.028991277444141815e+04
3.089967029792066097e-02 2.000253446874358269e+04
3.146182340451917497e-02 1.971177645610588661e+04
3.203420367898752313e-02 1.941825448912809588e+04
3.261699718266979769e-02 1.912244286084824125e+04
3.321039336189655911e-02 1.882457458385753489e+04
3.381458510956728697e-02 1.852373800852306522e+04
3.442976882785318132e-02 1.822233014693759833e+04
3.505614449204105115e-02 1.792102741594694089e+04
3.569391571553836434e-02 1.762059871054855830e+04
3.634328981606090719e-02 1.732175267245756550e+04
3.700447788302495961e-02 1.702459703590054414e+04
3.767769484616516340e-02 1.672987026755103943e+04
3.836315954540073236e-02 1.643861654273608656e+04
3.906109480197312439e-02 1.615147794965876164e+04
3.977172749087744263e-02 1.586907279718999598e+04
4.049528861461189344e-02 1.559192093860629757e+04
4.123201337826865737e-02 1.532031574719601122e+04
4.198214126599129209e-02 1.505471113733298080e+04
4.274591611882278680e-02 1.479543707300644928e+04
4.352358621396981014e-02 1.454281258799448733e+04
4.431540434550947788e-02 1.429711973697159738e+04
4.512162790656396028e-02 1.405864723132830477e+04
4.594251897297006032e-02 1.382873965220564787e+04
4.677834438847147669e-02 1.360685108368098372e+04
4.762937585146043151e-02 1.339296400573405663e+04
4.849589000329746630e-02 1.318711473074806963e+04
4.937816851823838976e-02 1.298933005073390632e+04
5.027649819499679928e-02 1.280004815978082297e+04
5.119117104997271406e-02 1.261910813228531333e+04
5.212248441217692818e-02 1.244540593335418453e+04
5.307074101988284998e-02 1.227855335010623821e+04
5.403624911903631006e-02 1.211808436637369050e+04
5.501932256345561101e-02 1.196347945165152669e+04
5.602028091685504890e-02 1.181488818922195605e+04
5.703944955672407557e-02 1.167084766813613533e+04
5.807715978009624774e-02 1.153027405422825177e+04
5.913374891124294208e-02 1.139235889417296676e+04
6.020956041132585757e-02 1.125625110989554923e+04
6.130494399004434575e-02 1.112095560007816312e+04
6.242025571931449079e-02 1.098475674359355617e+04
6.355585814901575092e-02 1.084687087053956930e+04
6.471212042484364435e-02 1.070632452410122642e+04
6.588941840830631058e-02 1.056222686835235436e+04
6.708813479890453346e-02 1.041373257032801484e+04
6.830865925853425724e-02 1.025884187502258646e+04
6.955138853815211186e-02 1.009602239521496995e+04
7.081672660674612207e-02 9.925900805380711972e+03
7.210508478265199861e-02 9.748062505648011211e+03
7.341688186725858767e-02 9.562265653784332244e+03
7.475254428114630478e-02 9.368435741455430616e+03
7.611250620270181011e-02 9.163734312238842904e+03
7.749720970925433328e-02 8.950354315664661044e+03
7.890710492078044369e-02 8.729661804398376262e+03
8.034265014622242462e-02 8.502466379977106044e+03
8.180431203246910088e-02 8.269763140328357622e+03
8.329256571604647108e-02 8.032375634722819086e+03
8.480789497756895112e-02 7.790258233539994762e+03
8.635079239899974557e-02 7.547312354381983823e+03
8.792175952377219439e-02 7.305209364825070224e+03
8.952130701982498329e-02 7.065740679347200057e+03
9.114995484560270422e-02 6.830644956329074375e+03
9.280823241907629195e-02 6.601263095742725454e+03
9.449667878983940283e-02 6.380309874661471440e+03
9.621584281433476216e-02 6.169394254107880442e+03
9.796628333426847524e-02 5.969376932329313604e+03
9.974856935827097759e-02 5.781200835976253074e+03
1.015632802468619950e-01 5.605971363638556795e+03
1.034110059007811722e-01 5.446186178060514976e+03
1.052923469527442119e-01 5.300615200682142131e+03
1.072079149626888606e-01 5.168388420892290924e+03
1.091583326165718459e-01 5.048918461497647513e+03
1.111442339287825876e-01 4.941406215382100527e+03
1.131662644482403085e-01 4.845096276405418394e+03
1.152250814682397734e-01 4.759058459555578338e+03
1.173213542401145143e-01 4.679557904974950361e+03
1.194557641907884188e-01 4.604531742208199830e+03
1.216290051442840969e-01 4.531814618081714798e+03
1.238417835472609974e-01 4.459220882848428118e+03
1.260948186986580177e-01 4.383799502364488944e+03
1.283888429835126355e-01 4.302556394935032586e+03
1.307246021110340384e-01 4.214660437828704744e+03
1.331028553570085537e-01 4.119126603620318747e+03
1.355243758106138563e-01 4.015364618979110674e+03
1.379899506257241670e-01 3.903215114329699645e+03
1.405003812767867122e-01 3.780483476703047927e+03
1.430564838193544852e-01 3.651363316550391573e+03
1.456590891553579126e-01 3.518155784490271799e+03
1.483090433032021316e-01 3.383093115359116382e+03
1.510072076727798640e-01 3.248491501125320156e+03
1.537544593454858166e-01 3.116637187153785362e+03
1.565516913593256454e-01 2.990947810793005374e+03
1.593998129992131307e-01 2.873897261394309226e+03
1.622997500925472680e-01 2.766754860938711317e+03
1.652524453101666957e-01 2.670284049964057431e+03
1.682588584727810199e-01 2.584803046630840527e+03
1.713199668629750150e-01 2.511503741031821392e+03
1.744367655428904484e-01 2.448774366424087930e+03
1.776102676776860900e-01 2.393800864705866388e+03
1.808415048648842893e-01 2.344474724359335141e+03
1.841315274697077342e-01 2.298497595940491010e+03
1.874814049665168569e-01 2.253426665849488927e+03
1.908922262864606312e-01 2.205251496367980053e+03
1.943651001714505333e-01 2.152248494889402991e+03
1.979011555345740747e-01 2.093616908795967902e+03
2.015015418270673930e-01 2.029227639094377764e+03
2.051674294119619768e-01 1.959595666047212035e+03
2.089000099445292302e-01 1.885408308891831894e+03
2.127004967596484164e-01 1.808880955284654647e+03
2.165701252662195486e-01 1.733686507616749850e+03
2.205101533487533183e-01 1.661808159548143976e+03
2.245218617762654856e-01 1.594833300009004915e+03
2.286065546186128450e-01 1.533954283140549023e+03
2.327655596704011065e-01 1.480990764057350361e+03
2.370002288826050518e-01 1.435456398520601397e+03
2.413119388020432687e-01 1.395542337855358028e+03
2.457020910188459084e-01 1.359585438902463466e+03
2.501721126220631253e-01 1.325802351820763988e+03
2.547234566635647179e-01 1.292424619643509459e+03
2.593576026303771598e-01 1.256553680505401189e+03
2.640760569256134782e-01 1.217635267034317167e+03
2.688803533581552996e-01 1.175858617613125489e+03
2.737720536412410199e-01 1.131940583658000378e+03
2.787527479001258301e-01 1.086995967509654292e+03
2.838240551889765206e-01 1.042510870591982666e+03
2.889876240171723176e-01 1.000765437881605635e+03
2.942451328851785064e-01 9.628108992837904907e+02
2.995982908301688674e-01 9.288409545201025139e+02
3.050488379815770590e-01 8.985508641882643133e+02
3.105985461267529724e-01 8.712233191711833342e+02
3.162492192869091334e-01 8.456437809570288664e+02
3.220026943035488309e-01 8.199983481855167611e+02
3.278608414355596024e-01 7.935361203569868849e+02
3.338255649671697523e-01 7.659809473016230186e+02
3.398988038269684098e-01 7.374953972985193786e+02
3.460825322181838581e-01 7.086827443268491606e+02
3.523787602604305236e-01 6.807268103458737869e+02
3.587895346431287935e-01 6.546136298811800316e+02
3.653169392908166557e-01 6.306440094397271423e+02
3.719630960405611586e-01 6.087162575915009484e+02
3.787301653316944572e-01 5.884239839338533784e+02
3.856203469081013746e-01 5.690443435945209103e+02
3.926358805332800794e-01 5.496734565806642649e+02
3.997790467184118013e-01 5.300232214090220850e+02
4.070521674636797815e-01 5.102046702694599389e+02
4.144576070130712719e-01 4.905499980183009825e+02
4.219977726229114934e-01 4.715240523358274345e+02
4.296751153443834070e-01 4.536794452609219093e+02
4.374921308202791015e-01 4.371725673969818331e+02
4.454513600962493047e-01 4.216398231398708845e+02
4.535553904468090924e-01 4.067308664440473081e+02
4.618068562163753499e-01 3.921300334210977780e+02
4.702084396756012197e-01 3.775891090367338734e+02
4.787628718932894767e-01 3.631006958019290778e+02
4.874729336241730993e-01 3.491076618805005864e+02
4.963414562128421470e-01 3.358037110951077580e+02
5.053713225141164278e-01 3.232336117583862460e+02
5.145654678301662122e-01 3.113147815692416884e+02
5.239268808646776465e-01 2.998019335848230753e+02
5.334586046943771143e-01 2.885095421977210890e+02
5.431637377582348991e-01 2.774844652067611150e+02
5.530454348646605123e-01 2.668144196638807557e+02
5.631069082170223616e-01 2.565676051675469580e+02
5.733514284578283826e-01 2.467715555224140473e+02
5.837823257318991432e-01 2.373876016517322398e+02
5.944029907688848091e-01 2.283280754539758277e+02
6.052168759854743563e-01 2.195624530898307967e+02
6.162274966076619620e-01 2.110856246447197293e+02
6.274384318134254013e-01 2.029041522024215283e+02
6.388533258961933692e-01 1.950287736876969689e+02
6.504758894494848676e-01 1.874591357245007259e+02
6.623099005730950228e-01 1.801768629000943065e+02
6.743592061012246841e-01 1.731641312612707679e+02
6.866277228529591437e-01 1.664072546247790285e+02
6.991194389054908864e-01 1.598964189360691250e+02
7.118384148905058106e-01 1.536242836271495946e+02
7.247887853141601333e-01 1.475858323081698131e+02
7.379747599010648695e-01 1.417745958063009368e+02
7.514006249627259715e-01 1.361825128535158740e+02
7.650707447908745573e-01 1.308014045806341414e+02
7.789895630761547451e-01 1.256230124740069982e+02
7.931616043526137361e-01 1.206377122632001289e+02
8.075914754684712094e-01 1.158404507279788476e+02
8.222838670836538633e-01 1.112251476058183499e+02
8.372435551945670573e-01 1.067858571592870049e+02
8.524754026866058210e-01 1.025166325914572667e+02
8.679843609149188177e-01 9.841060019904431044e+01
8.837754713139223117e-01 9.446104755043862156e+01
8.998538670360967107e-01 9.066356189970541379e+01
9.162247746206046983e-01 8.701256769029360782e+01
9.328935156922580907e-01 8.350267165441296413e+01
9.498655086913979639e-01 8.012867352670670584e+01
9.671462706352423888e-01 7.688486731714668565e+01
9.847414189112857485e-01 7.376679354545684930e+01
1.002656673103317075e+00 7.077030693179467846e+01
1.020897856850663477e+00 6.789096440593183956e+01
1.039470899741254284e+00 6.512444495739435979e+01
1.058381839239129318e+00 6.246648564622598343e+01
1.077636822647020098e+00 5.991207891382926221e+01
1.097242109104616281e+00 5.745833199685656467e+01
1.117204071623204564e+00 5.510148174708848501e+01
1.137529199157325532e+00 5.283787789794079970e+01
1.158224098714097927e+00 5.066404368749944354e+01
1.179295497500937762e+00 4.857644271392701540e+01
1.200750245112352843e+00 4.657131960992091990e+01
1.222595315756498158e+00 4.464618242300086592e+01
1.244837810522259947e+00 4.279798830972754331e+01
1.267484959687586565e+00 4.102379782482611859e+01
1.290544125069789771e+00 3.932077290801102265e+01
1.314022802418629343e+00 3.768580651683723204e+01
1.337928623852933541e+00 3.611643082036556507e+01
1.362269360341522129e+00 3.461039921909596018e+01
1.387052924229306816e+00 3.316523833063349258e+01
1.412287371809304970e+00 3.177856318695085491e+01
1.437980905941474319e+00 3.044809453703777180e+01
1.464141878719193102e+00 2.917125884538359415e+01
1.490778794184223655e+00 2.794635969505188200e+01
1.517900311091094689e+00 2.677139074439949695e+01
1.545515245721778452e+00 2.564439911549772333e+01
1.573632574751544055e+00 2.456349969201600913e+01
1.602261438166979080e+00 2.352675732986436685e+01
1.631411142237097822e+00 2.253233937625741490e+01
1.661091162538472332e+00 2.157876931269544585e+01
1.691311147035430507e+00 2.066444269136841783e+01
1.722080919216290917e+00 1.978780496782116316e+01
1.753410481286623579e+00 1.894734973197597938e+01
1.785310017420636663e+00 1.814148684772759879e+01
1.817789897071716787e+00 1.736892129363761939e+01
1.850860678343162258e+00 1.662839838768412548e+01
1.884533111420275020e+00 1.591863700090637046e+01
1.918818142064890653e+00 1.523840338539226380e+01
1.953726915173450651e+00 1.458650121386875576e+01
1.989270778399840234e+00 1.396159051250355887e+01
2.025461285844135872e+00 1.336280369489545805e+01
2.062310201808426502e+00 1.278907014067789838e+01
2.099829504620999376e+00 1.223937346273547178e+01
2.138031390530099607e+00 1.171274024116528345e+01
2.176928277668485734e+00 1.120817158460762819e+01
2.216532810090176664e+00 1.072474086938866833e+01
2.256857861880572358e+00 1.026167612024512010e+01
2.297916541341392893e+00 9.818149539186332930e+00
2.339722195251757952e+00 9.393362804153882806e+00
2.382288413206739008e+00 8.986544311414336406e+00
2.425629032034890553e+00 8.596867207218339857e+00
2.469758140296145932e+00 8.223693542031437431e+00
2.514690082861498865e+00 7.866361899501982613e+00
2.560439465576048956e+00 7.524221216361898001e+00
2.607021160006877558e+00 7.196645577123658377e+00
2.654450308277259918e+00 6.883020474157742541e+00
2.702742327988867821e+00 6.582702102922445064e+00
2.751912917233522826e+00 6.295215626693183353e+00
2.801978059696081491e+00 6.020027901416763250e+00
2.852954029850200968e+00 5.756624638549586059e+00
2.904857398248635203e+00 5.504511875315721170e+00
2.957705036909722196e+00 5.263194719050852122e+00
3.011514124801920822e+00 5.032214253552085736e+00
3.066302153428126953e+00 4.811170892534278209e+00
3.122086932511527912e+00 4.599649130715078194e+00
3.178886595784957247e+00 4.397248625002585953e+00
3.236719606885571920e+00 4.203583263474662601e+00
3.295604765356715760e+00 4.018250684389067295e+00
3.355561212759026635e+00 3.840926961135469941e+00
3.416608438892731137e+00 3.671284425474973023e+00
3.478766288133063878e+00 3.508996673432942970e+00
3.542054965881055395e+00 3.353751312517808891e+00
3.606495045131572041e+00 3.205247144139373283e+00
3.672107473160914903e+00 3.063174722982489939e+00
3.738913578336090726e+00 2.927286567068164924e+00
3.806935077047892690e+00 2.797319722892069205e+00
3.876194080770182016e+00 2.673022335518086212e+00
3.946713103247599275e+00 2.554153419740028852e+00
4.018515067813969388e+00 2.440472977222449380e+00
4.091623314843920944e+00 2.331752204423295449e+00
4.166061609340070859e+00 2.227791697884788036e+00
4.241854148658170232e+00 2.128389334613804973e+00
4.319025570372864387e+00 2.033349668767149954e+00
4.397600960286556671e+00 1.942483237032520238e+00
4.477605860583897091e+00 1.855596640864811020e+00
4.559066278134701555e+00 1.772533022938833858e+00
4.642008692947928949e+00 1.693129362081434275e+00
4.726460066779375246e+00 1.617226226082092211e+00
4.812447851896049400e+00 1.544671571645159780e+00
4.900000000000001243e+00 1.475318866460237244e+00
