# k[h/Mpc]    Pk[Mpc^3/h^3] (CDM+baryons, z=0, sum m_nu = 0.6 eV)
1.000000000000000021e-03 7.377086818046491317e+03
1.018187564768609742e-03 7.499531394171511238e+03
1.036705917049433314e-03 7.623818773243003307e+03
1.055561073061771910e-03 7.749968726253620844e+03
1.074759158445306138e-03 7.878000882730610101e+03
1.094306410250187739e-03 8.007934711142793276e+03
1.114209178963318243e-03 8.139789498399519289e+03
1.134473930571494203e-03 8.273584328435374118e+03
1.155107248662062781e-03 8.409338059878713466e+03
1.176115836561794593e-03 8.547069302832880567e+03
1.197506519514651225e-03 8.686796394777258683e+03
1.219286246899156483e-03 8.828537375627789515e+03
1.241462094486111460e-03 8.972309961971079247e+03
1.264041266737351643e-03 9.118131520491102492e+03
1.287031099146334267e-03 9.266019040603709072e+03
1.310439060621274542e-03 9.415989106273220386e+03
1.334272755911640202e-03 9.568057867009521942e+03
1.358539928078774826e-03 9.722241007934346271e+03
1.383248461011451569e-03 9.878553718908015071e+03
1.408406381987178718e-03 1.003701066255587466e+04
1.434021864280093841e-03 1.019762594114089734e+04
1.460103229816292220e-03 1.036041306209584945e+04
1.486658951877432421e-03 1.052538490217408071e+04
1.513697657853538617e-03 1.069255367010119153e+04
1.541228132045842749e-03 1.086193086767096247e+04
1.569259318520629942e-03 1.103352724924521863e+04
1.597800324014970368e-03 1.120735277978657723e+04
1.626860420895298153e-03 1.138341659137065653e+04
1.656449050169820931e-03 1.156172693842739864e+04
1.686575824555687020e-03 1.174229115171964804e+04
1.717250531601966683e-03 1.192511559128200497e+04
1.748483136869409147e-03 1.211020559834690539e+04
1.780283787168043547e-03 1.230291536948840439e+04
1.812662813853668309e-03 1.249271785317379909e+04
1.845630736184284554e-03 1.268480014035099339e+04
1.879198264737575287e-03 1.287916310078978313e+04
1.913376304890549058e-03 1.307580632920039898e+04
1.948175960362471312e-03 1.327472808945707948e+04
1.983608536822212103e-03 1.347592525677464801e+04
2.019685545561236174e-03 1.367939325788649694e+04
2.056418707233356041e-03 1.388512600935229784e+04
2.093819955662543694e-03 1.409311585399284195e+04
2.131901441719966008e-03 1.430335349594836953e+04
2.170675537271540573e-03 1.451582793467105512e+04
2.210154839197306029e-03 1.473052639798042401e+04
2.250352173483863728e-03 1.494743427454338598e+04
2.291280599391285443e-03 1.516653504563474780e+04
2.332953413695776444e-03 1.538781021607039838e+04
2.375384155009517724e-03 1.561123924369371889e+04
2.418586608179082963e-03 1.583679946729770018e+04
2.462574808763834909e-03 1.606446603254865295e+04
2.507363047595776578e-03 1.629421181592400353e+04
2.552965875422343912e-03 1.652600734695736901e+04
2.599398107633640875e-03 1.675982072935668839e+04
2.646674829075629665e-03 1.699561756158973731e+04
2.694811398950894971e-03 1.723336085771966827e+04
2.743823455808502322e-03 1.747301096842447078e+04
2.793726922624650572e-03 1.771452550209669062e+04
2.844538011975697965e-03 1.795785924574058299e+04
2.896273231305278740e-03 1.820296408453708864e+04
2.948949388287237620e-03 1.844978892028381961e+04
3.002583596286064003e-03 1.869827958833288722e+04
3.057193279916685467e-03 1.894837877421038138e+04
3.112796180705332347e-03 1.920002593086341949e+04
3.169410362853391540e-03 1.946768482186373876e+04
3.227054219106090943e-03 1.972267265875092562e+04
3.285746476727902359e-03 1.997901789021393415e+04
3.345506203586625683e-03 2.023664641066732293e+04
3.406352814348144117e-03 2.049548048439778722e+04
3.468306076783840564e-03 2.075543866746914500e+04
3.531386118192709599e-03 2.101643573078657573e+04
3.595613431940313052e-03 2.127838258572733321e+04
3.661008884116610969e-03 2.154118621353520939e+04
3.727593720314937870e-03 2.180474959915177533e+04
3.795389572534233272e-03 2.206897166765535439e+04
3.864418466206806339e-03 2.233374722287282566e+04
3.934702827353957905e-03 2.259896688660102154e+04
4.006265489871690261e-03 2.286451704127440098e+04
4.079129702948982791e-03 2.313027977695240770e+04
4.153319138620932376e-03 2.339613284522863614e+04
4.228857899459306444e-03 2.366194961933804734e+04
4.305770526402970255e-03 2.392759905864504981e+04
4.384082006730700282e-03 2.419294567576459303e+04
4.463817782179017001e-03 2.445784950770558498e+04
4.545003757207669547e-03 2.472216609388862707e+04
4.627666307415464510e-03 2.498574646259730798e+04
4.711832288109096475e-03 2.524843712647257053e+04
4.797529043027912860e-03 2.551008008320946828e+04
4.884784413227269764e-03 2.577051282062278915e+04
4.973626746123536307e-03 2.602956832808644685e+04
5.064084904703553339e-03 2.628707511785875977e+04
5.156188276901588381e-03 2.654285725757447653e+04
5.249966785146888484e-03 2.679673441037236262e+04
5.345450896084798231e-03 2.704852188012266924e+04
5.442671630474769234e-03 2.729803066326420594e+04
5.541660573268309894e-03 2.754506751205260298e+04
5.642449883870279820e-03 2.781677456599541983e+04
5.745072306586805795e-03 2.805902717740846128e+04
5.849561181263205484e-03 2.829821845291641512e+04
5.955950454115382237e-03 2.853413892074541945e+04
6.064274688758236782e-03 2.876657529077259824e+04
6.174569077434674536e-03 2.899531057435792172e+04
6.286869452448773377e-03 2.922012420956286951e+04
6.401212297806987278e-03 2.944079219334690788e+04
6.517634761070973184e-03 2.965708722709347421e+04
6.636174665426094327e-03 2.986877887487132830e+04
6.756870521969346975e-03 3.007563372826256455e+04
6.879761542220774219e-03 3.027741557896447193e+04
7.004887650862513630e-03 3.047388560491160024e+04
7.132289498709410563e-03 3.066480256861333692e+04
7.262008475915670939e-03 3.084992302297788410e+04
7.394086725421589353e-03 3.102900152846307174e+04
7.528567156644912217e-03 3.120179088734334437e+04
7.665493459421220471e-03 3.136804238865054140e+04
7.804910118197807417e-03 3.152750606304006578e+04
7.946862426485715516e-03 3.167993095667477610e+04
8.091396501574657507e-03 3.182506542352869656e+04
8.238559299515557655e-03 3.196265742960062198e+04
8.388398630375531323e-03 3.209245487679962753e+04
8.540963173770411629e-03 3.221420595183183104e+04
8.696302494679673464e-03 3.232765949322771849e+04
8.854467059549082225e-03 3.243256538182742952e+04
9.015508252686163862e-03 3.252867496094519447e+04
9.179478392953828794e-03 3.261574148135745781e+04
9.346430750767740700e-03 3.269352057659147613e+04
9.516419565402656905e-03 3.276177077236196783e+04
9.689500062613693940e-03 3.282025402682262211e+04
9.865728472577939279e-03 3.286873630895801762e+04
1.004516204816246865e-02 3.293671157805684925e+04
1.022785908352460450e-02 3.296515594922911987e+04
1.041387893305043347e-02 3.298293020371633611e+04
1.060328203063776696e-02 3.298982219107362471e+04
1.079612990932982824e-02 3.298562720746685227e+04
1.099248522130608953e-02 3.297014881230842002e+04
1.119241175823658743e-02 3.294319968233085820e+04
1.139597447200647699e-02 3.290460250915231154e+04
1.160323949581751855e-02 3.285419093082390464e+04
1.181427416567339302e-02 3.279181050068380864e+04
1.202914704225570286e-02 3.271731968745043559e+04
1.224792793319786667e-02 3.263059090742490662e+04
1.247068791576416875e-02 3.253151158541679615e+04
1.269749935994124966e-02 3.241998523935043340e+04
1.292843595194958194e-02 3.229593259035875963e+04
1.316357271818250491e-02 3.215929269430167551e+04
1.340298604958075311e-02 3.201002409371372050e+04
1.364675372645027945e-02 3.184810598983213640e+04
1.389495494373137359e-02 3.167353943470531158e+04
1.414767033672742653e-02 3.148634854161919429e+04
1.440498200730159703e-02 3.128658171540594049e+04
1.466697355055005328e-02 3.107431289987925265e+04
1.493373008196017919e-02 3.084964284027230678e+04
1.520533826506278129e-02 3.061270035555011418e+04
1.548188633958723359e-02 3.036364361147555246e+04
1.576346415012873023e-02 3.010266138379668337e+04
1.605016317533687273e-02 2.982997429305728292e+04
1.634207655763507752e-02 2.954583598800691470e+04
1.663929913348064643e-02 2.925053424864363478e+04
1.694192746417510012e-02 2.894439197676290496e+04
1.725005986723490009e-02 2.862776803302604458e+04
1.756379644833265183e-02 2.830105788024843423e+04
1.788323913381938135e-02 2.798368472354044206e+04
1.820849170383825877e-02 2.763832129822257048e+04
1.853965982604053112e-02 2.728427215143791545e+04
1.887685108991466604e-02 2.692208009647509971e+04
1.922017504173989186e-02 2.655232353465125925e+04
1.956974322017555543e-02 2.617561520966962053e+04
1.992566919249757346e-02 2.579260060260255705e+04
2.028806859149403716e-02 2.540395598761544898e+04
2.065705915303183565e-02 2.501038617649636944e+04
2.103276075430660433e-02 2.461262198799192629e+04
2.141529545278825566e-02 2.421141748272799305e+04
2.180478752587478031e-02 2.380754699760520816e+04
2.220136351126740168e-02 2.340180200924850578e+04
2.260515224808002863e-02 2.299498784434055051e+04
2.301628491869629409e-02 2.258792023652805074e+04
2.343489509138788410e-02 2.218142171967522881e+04
2.386111876370808002e-02 2.177631782742795622e+04
2.429509440667451323e-02 2.137343306269429377e+04
2.473696300975541940e-02 2.097358659468441328e+04
2.518686812667407862e-02 2.057758764343709117e+04
2.564495592204639809e-02 2.018623052621286843e+04
2.611137521886676416e-02 1.980028935407085737e+04
2.658627754685740502e-02 1.942051239597810854e+04
2.706981719169713682e-02 1.904761615020416502e+04
2.756215124514555664e-02 1.868227918866236359e+04
2.806343965607886390e-02 1.832513585692128981e+04
2.857384528245380043e-02 1.797676991725742118e+04
2.909353394421669570e-02 1.763770821848247579e+04
2.962267447717488456e-02 1.730841445781703442e+04
3.016143878784794882e-02 1.698928308135407860e+04
3.071000190931642837e-02 1.668063335038291189e+04
3.126854205808628218e-02 1.638270359845536586e+04
3.183724069198772683e-02 1.610894336458248290e+04
3.241628256912707645e-02 1.583292009606048487e+04
3.300585580791066953e-02 1.556779781506368272e+04
3.360615194816048146e-02 1.531343945986774452e+04
3.421736601334138955e-02 1.506960325182672386e+04
3.483969657392026881e-02 1.483593973157909022e+04
3.547334581187719382e-02 1.461198967509465547e+04
3.611851958639003546e-02 1.439718298225095168e+04
3.677542750071381011e-02 1.419083864166627609e+04
3.744428297027636160e-02 1.399216592415918421e+04
3.812530329201245516e-02 1.380026704595602314e+04
3.881870971495886280e-02 1.361414165236910048e+04
3.952472751213354646e-02 1.343269355721084867e+04
4.024358605372212877e-02 1.325474021109156456e+04
4.097551888159536165e-02 1.307902531662685578e+04
4.172076378518181639e-02 1.290423487279563233e+04
4.247956287872068498e-02 1.272901673378316082e+04
4.325216267991965208e-02 1.255200355237317854e+04
4.403881419004318509e-02 1.237183881758825191e+04
4.483977297545742313e-02 1.218720560588651642e+04
4.565529925065830996e-02 1.199685765830973651e+04
4.648565796280992174e-02 1.179965237729675937e+04
4.733111887782002342e-02 1.159458522545262349e+04
4.819195666798119226e-02 1.138082473649681560e+04
4.906845100120613840e-02 1.115774694859470219e+04
4.996088663188593543e-02 1.092496770654337888e+04
5.086955349340058913e-02 1.068237105863730903e+04
5.179474679231212131e-02 1.043013198940312759e+04
5.273676710427104702e-02 1.016873184891964411e+04
5.369592047166707460e-02 9.898965011256479556e+03
5.467251850305569760e-02 9.621935450157887317e+03
5.566687847439309722e-02 9.339042237123005179e+03
5.667932343211246060e-02 9.057620203163231054e+03
5.771018229807498706e-02 8.768185450522045358e+03
5.875978997642956891e-02 8.478533611959255722e+03
5.982848746241585525e-02 8.190878008413314092e+03
6.091662195314651029e-02 7.907496999648813471e+03
6.202454696040428372e-02 7.630665974020774229e+03
6.315262242549037064e-02 7.362586489230416191e+03
6.430121483616160760e-02 7.105315143101132890e+03
6.547069734569460620e-02 6.860695194412972342e+03
6.666144989411547372e-02 6.630293795354224130e+03
6.787385933163421481e-02 6.415346813848899728e+03
6.910831954432389290e-02 6.216712245038472247e+03
7.036523158208606021e-02 6.034832785234861149e+03
7.164500378894349264e-02 5.869708287332629880e+03
7.294805193570227941e-02 5.720879037452647935e+03
7.427479935502684372e-02 5.587420889188404544e+03
7.562567707897190072e-02 5.467953578703314633e+03
7.700112397901567873e-02 5.360664258349832380e+03
7.840158690863985314e-02 5.263349058292202244e+03
7.982752084850261443e-02 5.173475556341099946e+03
8.127938905425231841e-02 5.088268284353256604e+03
8.275766320702956924e-02 5.004818405296854507e+03
8.426282356670630747e-02 4.920217181763006010e+03
8.579535912791180774e-02 4.831709633953697448e+03
8.735576777889685063e-02 4.736860068358495482e+03
8.894455646328716658e-02 4.633717086552990622e+03
9.056224134477856846e-02 4.520963442479222067e+03
9.220934797482731315e-02 4.398034958299757818e+03
9.388641146339077315e-02 4.265192293458670065e+03
9.559397665277352685e-02 4.123531500684097409e+03
9.733259829463493384e-02 3.974925609380605238e+03
9.910284123021580183e-02 3.821898027120693769e+03
1.009052805738435976e-01 3.670235654263016386e+03
1.027405018997751274e-01 3.517514030912648650e+03
1.046091014324369156e-01 3.369792556219418657e+03
1.065116862401255110e-01 3.230020029985691053e+03
1.084488744322316400e-01 3.100657515185095235e+03
1.104212953600507002e-01 2.983494627930943807e+03
1.124295898212454986e-01 2.879518354142513090e+03
1.144744102680277792e-01 2.788840479761943243e+03
1.165564210191259581e-01 2.710686658177903155e+03
1.186762984756086631e-01 2.643447884307559889e+03
1.208347313406328283e-01 2.584795600527775150e+03
1.230324208431882588e-01 2.531863122748562546e+03
1.252700809659126058e-01 2.481491453072772856e+03
1.275484386770491252e-01 2.430528928069117228e+03
1.298682341666231310e-01 2.376164102076668314e+03
1.322302210869137629e-01 2.316253701955793986e+03
1.346351667972995880e-01 2.249592615681737698e+03
1.370838526135580993e-01 2.176074211548316725e+03
1.395770740616979200e-01 2.096702536616235193e+03
1.421156411364082051e-01 2.013441972010191648e+03
1.447003785642091422e-01 1.928921917038452420e+03
1.473321260713880698e-01 1.846043084592508194e+03
1.500117386568085298e-01 1.767551918139617101e+03
1.527400868696812131e-01 1.695653081474806186e+03
1.555180570923866412e-01 1.631716145624099909e+03
1.583465518284427609e-01 1.576111077420711354e+03
1.612264899957088216e-01 1.528186913463941437e+03
1.641588072249215158e-01 1.486394843173537311e+03
1.671444561636625248e-01 1.448545404811602111e+03
1.701844067858531984e-01 1.412172472205502572e+03
1.732796467068784818e-01 1.374959615369918538e+03
1.764311815044418974e-01 1.335158768192593470e+03
1.796400350452563022e-01 1.292797173998266771e+03
1.829072498176772532e-01 1.246259346322798365e+03
1.862338872703847847e-01 1.197550092504961185e+03
1.896210281572250356e-01 1.148424421846374344e+03
1.930697728883249698e-01 1.100844247498099094e+03
1.965812418875921563e-01 1.056516524363255940e+03
2.001565759567166536e-01 1.016517539280082474e+03
2.037969366457929032e-01 9.810854949823522020e+02
2.075035066306825382e-01 9.496191360156818746e+02
2.112774900972417269e-01 9.208748977215274181e+02
2.151201131325349014e-01 8.933172487691768993e+02
2.190326241231637383e-01 8.655378586403796817e+02
2.230162941608423433e-01 8.366305809298620488e+02
2.270724174553480079e-01 8.064094598010224217e+02
2.312023117549821538e-01 7.753967299959439288e+02
2.354073187746784923e-01 7.445870830523083441e+02
2.396888046318977339e-01 7.150750225342458180e+02
2.440481602904510661e-01 6.876794550874518563e+02
2.484868020123940369e-01 6.626931406710227748e+02
2.530061718181393915e-01 6.398328433847656243e+02
2.576077379549398527e-01 6.183943307566738667e+02
2.622929953738903364e-01 5.975464061365104271e+02
2.670634662156058936e-01 5.766507137209669054e+02
2.719207003047320326e-01 5.554808755069485642e+02
2.768662756534500669e-01 5.342541444928240253e+02
2.819017989741410268e-01 5.134724875298511506e+02
2.870289062013711701e-01 4.936574182909112665e+02
2.922492630233721189e-01 4.751071698955234410e+02
2.975645654231881543e-01 4.577851481036444738e+02
3.029765402296656363e-01 4.413786913660607070e+02
3.084869456784622432e-01 4.254830956892362224e+02
3.140975719832603263e-01 4.098086260163564134e+02
3.198102419173689537e-01 3.945127280507039700e+02
3.256268114059058805e-01 3.793318215098278756e+02
3.315491701287471282e-01 3.647196509009885403e+02
3.375792421344427918e-01 3.508359549067617991e+02
3.437189864653012461e-01 3.376729095627609922e+02
3.499703977938398158e-01 3.250825944360654489e+02
3.563355070708116856e-01 3.128859098601635651e+02
3.628163821850179938e-01 3.009828264724982319e+02
3.694151286351207153e-01 2.893915071816797422e+02
3.761338902136762696e-01 2.782010006738897800e+02
3.829748497036071786e-01 2.674841294471650031e+02
3.899402295873404811e-01 2.572396564494476365e+02
3.970322927688468284e-01 2.474007264671657538e+02
4.042533433088099093e-01 2.378912807364301898e+02
4.116057271731662914e-01 2.286776442935875764e+02
4.190918329952595389e-01 2.197751648120490415e+02
4.267140928518562415e-01 2.112133796785598747e+02
4.344749830532779744e-01 2.029978190660627604e+02
4.423770249479007100e-01 1.951020927399926848e+02
4.504227857412859137e-01 1.874906974131326933e+02
4.586148793302132209e-01 1.801445313675762918e+02
4.669559671518796473e-01 1.730646556458176519e+02
4.754487590485438342e-01 1.662559160179533535e+02
4.840960141478949375e-01 1.597117113904976975e+02
4.929005417594355953e-01 1.534150381573692812e+02
5.018652022871682439e-01 1.473503078253877732e+02
5.109929081588781008e-01 1.415103690571654624e+02
5.202866247723185733e-01 1.358923859484778234e+02
5.297493714586064550e-01 1.304904896854659739e+02
5.393842224631402171e-01 1.252946582775016111e+02
5.491943079443554199e-01 1.202951902076955690e+02
5.591828149906458156e-01 1.154855842782911282e+02
5.693529886557817665e-01 1.109350569907070962e+02
5.797081330131603760e-01 1.064869296600670765e+02
5.902516122292277290e-01 1.022110402583393238e+02
6.009868516564238483e-01 9.809723576956096736e+01
6.119173389460079715e-01 9.414453129342976467e+01
6.230466251811238587e-01 9.034320131368757245e+01
6.343783260304699523e-01 8.669067678610404926e+01
6.459161229229520851e-01 8.317882799271473004e+01
6.576637642437026532e-01 7.980503628027256013e+01
6.696250665518527212e-01 7.656103783244167005e+01
6.818039158204499683e-01 7.344600873061114044e+01
6.942042686989269296e-01 7.045149172142666316e+01
7.068301537985340888e-01 6.757495699794195332e+01
7.196856730011513825e-01 6.481229685004670671e+01
7.327750027919011089e-01 6.215687550527617589e+01
7.461023956159978932e-01 5.960825709284154073e+01
7.596721812602788004e-01 5.715904624430918801e+01
7.734887682598612368e-01 5.480732265743289133e+01
7.875566453303805003e-01 5.254959486747494424e+01
8.018803828262767164e-01 5.038059993601985553e+01
8.164646342256073330e-01 4.829906687422531775e+01
8.313141376418649031e-01 4.630013035157697487e+01
8.464337173632882072e-01 4.438124513683445826e+01
8.618282854201690935e-01 4.253939385957805541e+01
8.775028431806684015e-01 4.077134509998258238e+01
8.934624829756561137e-01 3.907469849413787699e+01
9.097123897530997594e-01 3.744582041700861907e+01
9.262578427625420829e-01 3.588336395285806191e+01
9.431042172702186477e-01 3.438382360387676329e+01
9.602569863053698196e-01 3.294466407257213092e+01
9.777217224383097927e-01 3.156442724922016652e+01
9.955040995908344126e-01 3.023995200948488105e+01
1.013609894879559326e+00 2.898489758977887831e+01
1.032044990492785086e+00 2.776568080896788970e+01
1.050815375601493074e+00 2.659660472398082121e+01
1.069927148305097386e+00 2.547522053640450324e+01
1.089386517612590310e+00 2.439996563058918611e+01
1.109199805459719634e+00 2.336851304896851289e+01
1.129373448762849064e+00 2.237949210365241015e+01
1.149914001510172756e+00 2.143140652627559817e+01
1.170828136890970317e+00 2.052217326744063186e+01
1.192122649463585704e+00 1.965039027223554058e+01
1.213804457362832601e+00 1.881487025945025948e+01
1.235880604547547668e+00 1.801381593357405464e+01
1.258358263089024875e+00 1.724586838688778911e+01
1.281244735501072096e+00 1.650991862839020285e+01
1.304547457112439357e+00 1.580454057990084671e+01
1.328273998482398577e+00 1.512847773313941779e+01
1.352432067860257492e+00 1.448070542012653483e+01
1.377029513689611129e+00 1.385983890067494251e+01
1.402074327158129519e+00 1.326500053713199989e+01
1.427574644793724534e+00 1.269493538726913151e+01
1.453538751107935623e+00 1.214899722085649714e+01
1.479975081287395522e+00 1.162577891057092039e+01
1.506892223934240160e+00 1.112464167922201241e+01
1.534298923856360242e+00 1.064454198213677394e+01
1.562204084908406010e+00 1.018472457503282058e+01
1.590616772884464680e+00 9.744249870340388142e+00
1.619546218463339793e+00 9.322396251749562879e+00
1.649001820207400604e+00 8.918384891850289264e+00
1.678993147615978287e+00 8.531495435986862219e+00
1.709529944234295940e+00 8.161023078003013964e+00
1.740622130818936908e+00 7.806211945001012786e+00
1.772279808560883740e+00 7.466568442343179512e+00
1.804513262367184456e+00 7.146037942942743193e+00
1.837332964202303076e+00 6.834573781398816550e+00
1.870749576490236210e+00 6.536345767396048778e+00
1.904773955578503708e+00 6.250994848572744012e+00
1.939417155265148907e+00 5.977713660097100146e+00
1.974690430389886897e+00 5.716211791920588148e+00
2.010605240490558998e+00 5.465878914192389360e+00
2.047173253526089809e+00 5.226281459294030540e+00
2.084406349667160985e+00 4.996974462147111495e+00
2.122316625155834302e+00 4.777530016495673770e+00
2.160916396235355474e+00 4.567505779981190450e+00
2.200218203151439234e+00 4.366589268499395438e+00
2.240234814226330418e+00 4.174253961868891416e+00
2.280979230006966674e+00 3.990325745510947542e+00
2.322464687488574597e+00 3.814266868242297548e+00
2.364704664415084867e+00 3.645844033509048732e+00
2.407712883657767922e+00 3.484786602762115937e+00
2.451503317673509930e+00 3.330579879853964087e+00
2.496090193044161243e+00 3.183194012077715573e+00
2.541487995098446362e+00 3.042159389095400623e+00
2.587711472617943986e+00 2.907227833139924833e+00
2.634775642628657710e+00 2.778239012594078350e+00
2.682695795279724571e+00 2.654808547581342548e+00
2.731487498810854397e+00 2.536796699275701172e+00
2.781166604610125326e+00 2.423940534924470036e+00
2.831749252363766622e+00 2.315996411835902880e+00
2.883251875299598144e+00 2.212788645557163036e+00
2.935691205525828185e+00 2.114112163825778712e+00
2.989084279466967864e+00 2.019735864066879216e+00
3.043448443398606873e+00 1.929516230861702430e+00
3.098801359082846485e+00 1.843248507020548876e+00
3.155161009506225689e+00 1.760791397551230153e+00
3.212545704722012285e+00 1.682898566049816136e+00
3.270974087798763641e+00 1.607530218753051576e+00
3.330465140877051589e+00 1.535451758805565392e+00
3.391038191336353425e+00 1.466582989435202045e+00
3.452712918074113180e+00 1.400728506816452779e+00
3.515509357899001763e+00 1.337798757011980033e+00
3.579447912040447655e+00 1.277661476596192225e+00
3.644549352776552009e+00 1.220160745293852322e+00
3.710834830182570876e+00 1.165228755331321864e+00
3.778325879002129462e+00 1.112724520787877092e+00
3.847044425643399546e+00 1.062544482721930361e+00
3.917012795302512451e+00 1.014596417452897636e+00
3.988253719216550586e+00 9.687915367077408746e-01
4.060790342048449908e+00 9.250008734935984966e-01
4.134646229406206075e+00 8.831933775123597119e-01
4.209845375498824538e+00 8.432124100805006295e-01
4.286412210931541900e+00 8.050329494666692565e-01
4.364371610642819199e+00 7.685635126523818750e-01
4.443748901985673072e+00 7.337127131834504379e-01
4.524569872955980898e+00 7.004197218308622075e-01
4.606860780570467995e+00 6.686199962037823186e-01
4.690648359397061817e+00 6.382465487035252627e-01
4.775959830240374515e+00 6.092297275084536112e-01
4.862822908985155124e+00 5.815115111504424172e-01
4.951265815600602416e+00 5.550447723932211419e-01
5.041317283308441866e+00 5.297579167669673739e-01
5.133006567917732355e+00 5.056104717850911090e-01
5.226363457329440187e+00 4.825549398766024178e-01
5.321418281213916579e+00 4.605330191881250590e-01
5.418201920864357923e+00 4.394976664180074155e-01
5.516745819229490699e+00 4.194196675750371250e-01
5.617081991128690888e+00 4.002417594288773528e-01
5.719243033652936070e+00 3.821137647621364875e-01
5.823262136754919993e+00 3.646214095010456013e-01
5.929173094031749081e+00 3.479400936853069282e-01
6.037010313703755848e+00 3.319879288835809739e-01
6.146808829793008577e+00 3.167597930538785245e-01
6.258604313505131245e+00 3.022399756851653074e-01
6.372433084818113436e+00 2.883654457415192329e-01
6.488332124281882329e+00 2.751159167888490575e-01
6.606339085032510106e+00 2.624767065721591575e-01
6.726492305024939000e+00 2.504071975907841696e-01
6.848830819488142652e+00 2.388909225066166708e-01
6.973394373606841334e+00 2.278886626518188685e-01
7.100223435433875352e+00 2.173977415033709060e-01
7.229359209037430567e+00 2.073769316913551541e-01
7.360843647887351793e+00 1.978129895589557652e-01
7.494719468484920988e+00 1.886881988437710822e-01
7.631030164240551805e+00 1.799812377258016016e-01
7.769820019603892014e+00 1.716645705750893536e-01
7.911134124450888372e+00 1.637342787742528671e-01
8.055018388732506196e+00 1.561645755223756982e-01
8.201519557389921999e+00 1.489398062902559106e-01
8.350685225540971146e+00 1.420465860580150397e-01
8.502563853942779915e+00 1.354693996383284083e-01
8.657204784735615277e+00 1.291902332846686374e-01
8.814658257473112712e+00 1.232032331919170609e-01
8.974975425444066346e+00 1.174891934236435009e-01
9.138208372291021675e+00 1.120364995168200567e-01
9.304410128931126067e+00 1.068348591920380147e-01
9.473634690784770385e+00 1.018731087223230802e-01
9.645937035317567521e+00 9.713720648195751928e-02
9.821373139901348637e+00 9.262125547108560064e-02
1.000000000000000000e+01 8.831201049704164030e-02
