# k[h/Mpc]    Pk[Mpc^3/h^3] (CDM+baryons, z=0, massless neutrinos)
1.000000000000000048e-04 2.431172145886521037e+02
1.115258952108197398e-04 2.701890169490440599e+02
1.243802530257475964e-04 3.002712367422502098e+02
1.387161906524478404e-04 3.337000429613102597e+02
1.547044734274899208e-04 3.708419762557937815e+02
1.725355489211928973e-04 4.121055876842692669e+02
1.924218154912624016e-04 4.579431733795421451e+02
2.146001523075424583e-04 5.088545146105604431e+02
2.393347409847693477e-04 5.653933710145121267e+02
2.669202124337607127e-04 6.281625308179268359e+02
2.976851564153737699e-04 6.978289758637023397e+02
3.319960356019749110e-04 7.751228134862560637e+02
3.702615507695343477e-04 8.608341850754635516e+02
4.129375091171870417e-04 9.558270933104882943e+02
4.605322537042036836e-04 1.061043661332494366e+03
5.136127186781772871e-04 1.177484226276479831e+03
5.728111824224663487e-04 1.306245244941013425e+03
6.388327990643373607e-04 1.448504465731174378e+03
7.124639980568402836e-04 1.605502345693425923e+03
7.945818518876893383e-04 1.778588180169741463e+03
8.861645235004552736e-04 1.969142061260192349e+03
9.883029178745779235e-04 2.178633940671149503e+03
1.102213676554276685e-03 2.408586551848379258e+03
1.229253669913247735e-03 2.660542948029169565e+03
1.370936159782604582e-03 2.936011159377677359e+03
1.528948824966383860e-03 3.236459778628450294e+03
1.705173864359070795e-03 3.563234326494947254e+03
1.901710417127384966e-03 3.917476329780402921e+03
2.120899567018730454e-03 4.300102542942765467e+03
2.365352228640039012e-03 4.711562764830388915e+03
2.637980247879881824e-03 5.151935297803463982e+03
2.942031086932642842e-03 5.620680460821447014e+03
3.281126507082240441e-03 6.116575984012765730e+03
3.659305710022969522e-03 6.637486458006612338e+03
4.081073451603764966e-03 7.180318429170531090e+03
4.551453701112203459e-03 7.740773200272275062e+03
5.076049485271372577e-03 8.313266872688198418e+03
5.661109629793106661e-03 8.890667140739331444e+03
6.313603193492691584e-03 9.464060463748788607e+03
7.041302481601635459e-03 1.002298740577624267e+04
7.852875627107890402e-03 1.055470073936451445e+04
8.757989842924349122e-03 1.104472847910569180e+04
9.767426574794057029e-03 1.147599333166377255e+04
1.089320992659859044e-02 1.183003780167666628e+04
1.214874988783295855e-02 1.208631472238373499e+04
1.354900206932916663e-02 1.222339550411228447e+04
1.511064584995185957e-02 1.221987484692721955e+04
1.685228305629541193e-02 1.205659047652443223e+04
1.879465954199475292e-02 1.171966983925817294e+04
2.096091230603540009e-02 1.120375355788853994e+04
2.337684509366088487e-02 1.051629362007528653e+04
2.607123576275192228e-02 9.680250974841092102e+03
2.907617907693246795e-02 8.743129703249842350e+03
3.242746900864999782e-02 7.766534456102434888e+03
3.616502510610808407e-02 6.825137468782373617e+03
4.033336800280479945e-02 5.995795356536520558e+03
4.498214973380237902e-02 5.325916289399169727e+03
5.016674517569447156e-02 4.833414627058760743e+03
5.594891165532404204e-02 4.478666588845753722e+03
6.239752458431086640e-02 4.163321316061195830e+03
6.958939788204403232e-02 3.759957274459887685e+03
7.761019895976883909e-02 3.197461038494278910e+03
8.655546916478060182e-02 2.555020935893289334e+03
9.653176183994670312e-02 2.028238423164732694e+03
1.076579115547770388e-01 1.739601433831765007e+03
1.200664496267376397e-01 1.595266822877573532e+03
1.339051827940672401e-01 1.369012927892397329e+03
1.493389538447681963e-01 1.044714968264817571e+03
1.665516051738506476e-01 8.435638553131580011e+02
1.857481686581269054e-01 7.504728761085497126e+02
2.071573079336795353e-01 5.902915291909090456e+02
2.310340421676708722e-01 4.702561949063770612e+02
2.576627837692376799e-01 3.954740611102452590e+02
2.873607262237611315e-01 3.074632339968794099e+02
3.204816224053627649e-01 2.523972902908196829e+02
3.574199983737402220e-01 1.988990974260219957e+02
3.986158528488111807e-01 1.586971864883057606e+02
4.445598983418805883e-01 1.260417865895523306e+02
4.957994063740929769e-01 9.939919368820191892e+01
5.529447264086378988e-01 7.822310446578374865e+01
6.166765561482513425e-01 6.139213056040932059e+01
6.877540497995908719e-01 4.804534408219745956e+01
7.670238608876615016e-01 3.749291239492122685e+01
8.554302273355580688e-01 2.918001082120806799e+01
9.540262189399315584e-01 2.265418867315270646e+01
1.063986281218693764e+00 1.754592684325713137e+01
1.186620225049460853e+00 1.355882020439670477e+01
1.323388828739054945e+00 1.045520840206745738e+01
1.475921238371213251e+00 8.045519685183455394e+00
1.646034373700112408e+00 6.179122684227015938e+00
1.835754570746860326e+00 4.736843528191802655e+00
2.047341718898981533e+00 3.624763225018726498e+00
2.283316180026673692e+00 2.769068729306164656e+00
2.546488810268240588e+00 2.111956844742545858e+00
2.839994442095014282e+00 1.608286904686779595e+00
3.167329225483990207e+00 1.222921033255302214e+00
3.532392272994943738e+00 9.285748225891901075e-01
3.939532104815434366e+00 7.041178991811771759e-01
4.393598447013062902e+00 5.332250222555741104e-01
4.900000000000001243e+00 4.033043888018818524e-01
