# k[h/Mpc]    Pk[Mpc^3/h^3] (CDM+baryons, z=0, sum m_nu = 0.6 eV)
6.774200000000000837e-04 5.165922517101358608e+03
7.434676137203057381e-04 5.622931228227008432e+03
8.159547882421044288e-04 6.115941611458871193e+03
8.955093727938571524e-04 6.646754421419032042e+03
9.828204311287198815e-04 7.217006895480399180e+03
1.078644209865122806e-03 7.828099240747322256e+03
1.183810688733204566e-03 8.481106781757438512e+03
1.299230769462177311e-03 9.176673165085856454e+03
1.425904165575332498e-03 9.914887963434412086e+03
1.564928061430334713e-03 1.069514719420623624e+04
1.717506615505232873e-03 1.151598725694616587e+04
1.884961390243151047e-03 1.237490907651447742e+04
2.068742798793932192e-03 1.326818573169592310e+04
2.270442667798989837e-03 1.419063175304480501e+04
2.491808025032153304e-03 1.513539814391983600e+04
2.734756231318477473e-03 1.609408723445406577e+04
3.001391587796473776e-03 1.705548714249698241e+04
3.294023562367871978e-03 1.800733613452595091e+04
3.615186793203780270e-03 1.893425312556592689e+04
3.967663042567948044e-03 1.981895848062423102e+04
4.354505291110742984e-03 2.064206338376858548e+04
4.779064181327024978e-03 2.138221560918316391e+04
5.245017039218490690e-03 2.201614406865147976e+04
5.756399725532341388e-03 2.252133530844168126e+04
6.317641592456308547e-03 2.287293965895438305e+04
6.933603848548384324e-03 2.304734537169450778e+04
7.609621664199754665e-03 2.302267078675578523e+04
8.351550382328447666e-03 2.278065830943677065e+04
9.165816234558532560e-03 2.230931330403549146e+04
1.005947200216419750e-02 2.160413665694637166e+04
1.104025810388717041e-02 2.067153539596204791e+04
1.211666963974087838e-02 1.953232225555212790e+04
1.329802997150280816e-02 1.822398432757061528e+04
1.459457147721399291e-02 1.680191041118335488e+04
1.601752417914252546e-02 1.533685616367400689e+04
1.757921301286410193e-02 1.390749316820931563e+04
1.929316457995780901e-02 1.258936150139044912e+04
2.117422430895805549e-02 1.144187030681199212e+04
2.323868503935452509e-02 1.049360152446740176e+04
2.550442814237354611e-02 9.728045793104638506e+03
2.799107840086132934e-02 9.076122656711126183e+03
3.072017398976465558e-02 8.424647843360133265e+03
3.371535302949858759e-02 7.654832129276458545e+03
3.700255832803727579e-02 6.713665989666521455e+03
4.061026208510571528e-02 5.677019765858535720e+03
4.456971250475298685e-02 4.730879111508970709e+03
4.891520445234683045e-02 4.046448179658700610e+03
5.368437650029109220e-02 3.637430551338500209e+03
5.891853693533388725e-02 3.321729600969380044e+03
6.466302155118597295e-02 2.878445844263218532e+03
7.096758632547749135e-02 2.334417200922131542e+03
7.788683838223349476e-02 1.930200274750261087e+03
8.548070897265840073e-02 1.717653268963815208e+03
9.381497257096374498e-02 1.483099236445659471e+03
1.029618165813977054e-01 1.193162017093136910e+03
1.130004665910064043e-01 1.013387379682354890e+03
1.240178725837689372e-01 8.653093479880512859e+02
1.361094620597614879e-01 7.022527721546888415e+02
1.493799665825121248e-01 5.953668945276381237e+02
1.639443289137011150e-01 4.873284647307866635e+02
1.799286985923744531e-01 4.059908017520062913e+02
1.974715245819032572e-01 3.326280621248640159e+02
2.167247544486704536e-01 2.743316178829787759e+02
2.378551504592016363e-01 2.247376092065664750e+02
2.610457339951388067e-01 1.837188414562064054e+02
2.864973707968934691e-01 1.499547572879821757e+02
3.144305107665970600e-01 1.221110650717067756e+02
3.450870973996912894e-01 9.921862145590759496e+01
3.787326633837433398e-01 8.045518128914270051e+01
4.156586305155553496e-01 6.511212598763475512e+01
4.561848338573565864e-01 5.259907138261670667e+01
5.006622919951035922e-01 4.241347670170534201e+01
5.494762473935499436e-01 3.414172385742621429e+01
6.030495031821785368e-01 2.743789405006252125e+01
6.618460852736415267e-01 2.201528710507357545e+01
7.263752615342338181e-01 1.763754278911619977e+01
7.971959528185171839e-01 1.410959350676592727e+01
8.749215740743828684e-01 1.127139995994483712e+01
9.602253474498770869e-01 8.991874445449484554e+00
1.053846133421380449e+00 7.164042753452943835e+00
1.156594830449596323e+00 5.700534269438565893e+00
1.269361398594082146e+00 4.530510820077966017e+00
1.393122567921544874e+00 3.596454789988774436e+00
1.528950298474411218e+00 2.851753833763711388e+00
1.678021065075905316e+00 2.258809783153114203e+00
1.841626047392150411e+00 1.787279416507363106e+00
2.021182313512740247e+00 1.412757516693734505e+00
2.218245093916633159e+00 1.115633405351510010e+00
2.434521252134532077e+00 8.801679721964900116e-01
2.671884068784259547e+00 6.937723459745558374e-01
2.932389467031288000e+00 5.463713037805747463e-01
3.218293820011677742e+00 4.299236492096503714e-01
3.532073494456749785e+00 3.380176802557354754e-01
3.876446299797025929e+00 2.655468842062322365e-01
4.254395028527364175e+00 2.084547139570739616e-01
4.669193291728575446e+00 1.635166952761692993e-01
5.124433873520568561e+00 1.281740866136894808e-01
5.624059850039627051e+00 1.004005605019437364e-01
6.172398742477549050e+00 7.859274969705738745e-02
6.774200000000000443e+00 6.148042063569938293e-02
