# k[h/Mpc]    Pk[Mpc^3/h^3] (CDM+baryons, z=0, massless neutrinos)
1.476189070296123453e-03 7.848131373857815561e+03
1.503037354622848050e-03 7.977346364716400785e+03
1.530373943859693114e-03 8.108467961381627902e+03
1.558207719083835483e-03 8.241515364519917057e+03
1.586547722897620454e-03 8.376507590882478326e+03
1.615403162366312951e-03 8.513463453515398214e+03
1.644783412009267771e-03 8.652401541156061285e+03
1.674698016845522879e-03 8.793340196862067387e+03
1.705156695494763550e-03 8.936297495889315542e+03
1.736169343334702979e-03 9.081291222891555662e+03
1.767746035715879634e-03 9.228338848459186920e+03
1.799897031234915434e-03 9.377457505088614198e+03
1.832632775067331117e-03 9.528663962588159848e+03
1.865963902360945293e-03 9.681974602975962625e+03
1.899901241691025113e-03 9.837405394867648283e+03
1.934455818578244756e-03 9.994971867337035292e+03
1.969638859070650672e-03 1.015468908320914306e+04
2.005461793390768931e-03 1.031657161167885170e+04
2.041936259649038219e-03 1.048063350020596772e+04
2.079074107624780381e-03 1.064688824550336358e+04
2.116887402615945379e-03 1.081534876352819629e+04
2.155388429358879449e-03 1.098602735835390740e+04
2.194589696019356127e-03 1.115893568981022872e+04
2.234503938256234955e-03 1.133408473986003446e+04
2.275144123358983830e-03 1.151148477769297278e+04
2.316523454460497032e-03 1.169114532361705460e+04
2.358655374826503903e-03 1.187307511184440227e+04
2.401553572222990193e-03 1.205728205235431415e+04
2.445231983363084938e-03 1.224377319199314843e+04
2.489704798434777631e-03 1.243255467502450847e+04
2.534986465711030861e-03 1.262363170323733175e+04
2.581091696243702650e-03 1.281700849569811362e+04
2.628035468642855779e-03 1.301831460014719050e+04
2.675833033943001912e-03 1.321647787275756855e+04
2.724499920557828768e-03 1.341695232722408946e+04
2.774051939325049634e-03 1.361973794790732791e+04
2.824505188643011526e-03 1.382483352575025674e+04
2.875876059700734240e-03 1.403223661236088446e+04
2.928181241803035247e-03 1.424194347245323115e+04
2.981437727792560135e-03 1.445394903473491468e+04
3.035662819570364001e-03 1.466824684146719665e+04
3.090874133716960646e-03 1.488482899704860574e+04
3.147089607215561736e-03 1.510368611603156387e+04
3.204327503279413673e-03 1.532480727099623073e+04
3.262606417285149503e-03 1.554817994038994038e+04
3.321945282814005480e-03 1.577378995634599050e+04
3.382363377802966205e-03 1.600162145217194120e+04
3.443880330807735663e-03 1.623165680894377329e+04
3.506516127379642744e-03 1.646387660082535876e+04
3.570291116558535136e-03 1.669825953850136284e+04
3.635226017483739365e-03 1.693478241078274004e+04
3.701341926125264071e-03 1.717342002451706139e+04
3.768660322137438751e-03 1.741414514356196742e+04
3.837203075837207142e-03 1.765692842744454902e+04
3.906992455309305640e-03 1.790173837038842612e+04
3.978051133640717225e-03 1.814854124095399311e+04
4.050402196286649950e-03 1.839730102188081582e+04
4.124069148570532785e-03 1.864797934947283647e+04
4.199075923320388926e-03 1.890053545151689468e+04
4.275446888644088457e-03 1.915492608307828777e+04
4.353206855846059042e-03 1.941110546036084270e+04
4.432381087487915344e-03 1.966902519310872231e+04
4.512995305595767989e-03 1.992863421704889333e+04
4.595075700016728291e-03 2.018987872717072241e+04
4.678648936927447613e-03 2.046810027727718989e+04
4.763742167497402730e-03 2.073291126076768705e+04
4.850383036709725315e-03 2.099919130352741558e+04
4.938599692342454314e-03 2.126687516529364439e+04
5.028420794113170646e-03 2.153589452576810436e+04
5.119875522989932905e-03 2.180617791262220271e+04
5.212993590671532486e-03 2.207765062990465231e+04
5.307805249240224454e-03 2.235023468831865466e+04
5.404341300989948249e-03 2.262384873743382195e+04
5.502633108433376691e-03 2.289840799820836764e+04
5.602712604490911463e-03 2.317382419375565223e+04
5.704612302864996501e-03 2.345000547763516443e+04
5.808365308603167555e-03 2.372685636084888756e+04
5.914005328853133917e-03 2.400427764008126542e+04
6.021566683813561228e-03 2.428216632897816453e+04
6.131084317883930303e-03 2.456041559189845793e+04
6.242593811017251026e-03 2.483891467743406611e+04
6.356131390279250865e-03 2.511754884961967036e+04
6.471733941617755469e-03 2.539619931757306040e+04
6.589439021846147174e-03 2.567474316672748319e+04
6.709284870844777621e-03 2.595305329444259405e+04
6.831310423984329576e-03 2.623099834916042164e+04
6.955555324775023265e-03 2.650844266954023624e+04
7.082059937746025720e-03 2.678524622173332318e+04
7.210865361558958450e-03 2.706126453694247175e+04
7.342013442360037154e-03 2.733634865366973463e+04
7.475546787374971226e-03 2.761034506611913093e+04
7.611508778751126421e-03 2.788309567505810264e+04
7.749943587651513845e-03 2.815443773764686557e+04
7.890896188604997613e-03 2.842420381822122727e+04
8.034412374117635633e-03 2.869222174535726663e+04
8.180538769549628234e-03 2.895831457711205803e+04
8.329322848262937437e-03 2.925160931752668330e+04
8.480812947044382918e-03 2.951412116524754310e+04
8.635058281809224537e-03 2.977416496576735153e+04
8.792108963590360149e-03 3.003154438279082024e+04
8.952016014818335934e-03 3.028605817408174335e+04
9.114831385897484428e-03 3.053750018692962476e+04
9.280607972083453408e-03 3.078565935856677970e+04
9.449399630667808594e-03 3.103031972969473281e+04
9.621261198475056578e-03 3.127126047172244580e+04
9.796248509678034608e-03 3.150825592107990087e+04
9.974418413937213151e-03 3.174107562190191675e+04
1.015582879486990990e-02 3.196948438527337203e+04
1.034053858885553012e-02 3.219324236445814313e+04
1.052860780418264988e-02 3.241210514049486665e+04
1.072009754054452368e-02 3.262582382373160362e+04
1.091507000888900479e-02 3.283414517837143649e+04
1.111358855162958292e-02 3.303681176397534000e+04
1.131571766322402722e-02 3.323356209213769034e+04
1.152152301112722814e-02 3.342413080983928376e+04
1.173107145712514419e-02 3.360824890965854138e+04
1.194443107905679945e-02 3.378564395886295824e+04
1.216167119293135382e-02 3.395604035617152840e+04
1.238286237544733090e-02 3.411915962287626462e+04
1.260807648692157182e-02 3.427472072025785747e+04
1.283738669463504664e-02 3.442244039869146945e+04
1.307086749660340934e-02 3.456203358605709946e+04
1.330859474577981635e-02 3.469321380929727457e+04
1.355064567469786534e-02 3.481569365479149565e+04
1.379709892056293040e-02 3.492918527234328212e+04
1.404803455079958741e-02 3.503340091811730235e+04
1.430353408906393994e-02 3.512805354522491689e+04
1.456368054172882225e-02 3.521285744126822101e+04
1.482855842485085798e-02 3.532000088395712373e+04
1.509825379162794794e-02 3.538499072120530764e+04
1.537285426035610650e-02 3.543929435680088500e+04
1.565244904289475603e-02 3.548263806654445943e+04
1.593712897364977024e-02 3.551475337111247063e+04
1.622698653908371397e-02 3.553537798872141866e+04
1.652211590776266753e-02 3.554425685081491974e+04
1.682261296094959835e-02 3.554114317257695802e+04
1.712857532375412425e-02 3.552579958387284569e+04
1.744010239684891730e-02 3.549799931663052121e+04
1.775729538876280947e-02 3.545752745142646017e+04
1.808025734876127916e-02 3.540418222141147271e+04
1.840909320032501142e-02 3.533777636837118916e+04
1.874390977523729754e-02 3.525813855319879076e+04
1.908481584829143166e-02 3.516511481456143520e+04
1.943192217262924848e-02 3.505857007257372607e+04
1.978534151572252514e-02 3.493838967212769785e+04
2.014518869600879711e-02 3.480448096132840146e+04
2.051158062019334261e-02 3.465677489596504893e+04
2.088463632122970412e-02 3.449522766430054617e+04
2.126447699699093169e-02 3.431982232196786936e+04
2.165122604964431555e-02 3.413057042629270290e+04
2.204500912574204954e-02 3.392751365951696789e+04
2.244595415704109947e-02 3.371072542640542815e+04
2.285419140206553304e-02 3.348031241496653820e+04
2.326985348842480414e-02 3.323641610350283736e+04
2.369307545590161601e-02 3.297921419685184082e+04
2.412399480032340060e-02 3.270892197410675726e+04
2.456275151823188868e-02 3.242579353029150661e+04
2.500948815236500242e-02 3.213012289044600766e+04
2.546434983796595775e-02 3.182224497538802825e+04
2.592748434993453338e-02 3.150253639890314298e+04
2.639904215083608424e-02 3.119295298893362269e+04
2.687917643978367591e-02 3.085111978926896700e+04
2.736804320220916076e-02 3.049883230019506664e+04
2.786580126053949530e-02 3.013663744477781802e+04
2.837261232579476808e-02 2.976512452913183006e+04
2.888864105012482059e-02 2.938492454933639601e+04
2.941405508030110402e-02 2.899670917313312748e+04
2.994902511218156677e-02 2.860118937655410627e+04
3.049372494616609322e-02 2.819911371779104957e+04
3.104833154366066009e-02 2.779126623515014580e+04
3.161302508456829280e-02 2.737846395503672466e+04
3.218798902582560573e-02 2.696155400108623508e+04
3.277341016100410176e-02 2.654141029962556058e+04
3.336947868099558040e-02 2.611892987738720694e+04
3.397638823580097223e-02 2.569502875500544906e+04
3.459433599744306947e-02 2.527063744095088259e+04
3.522352272402361900e-02 2.484669603647653275e+04
3.586415282494540002e-02 2.442414896537205641e+04
3.651643442732045025e-02 2.400393934688732770e+04
3.718057944358607592e-02 2.358700303456662732e+04
3.785680364035073908e-02 2.317426234596328868e+04
3.854532670849216552e-02 2.276661951286803742e+04
3.924637233453013435e-02 2.236494988371405634e+04
3.996016827329741672e-02 2.197009491320017696e+04
4.068694642193255995e-02 2.158285497398710140e+04
4.142694289521842155e-02 2.120398203129156173e+04
4.218039810229074621e-02 2.083417221701974267e+04
4.294755682474195313e-02 2.047405834902510833e+04
4.372866829614549533e-02 2.012420243497456613e+04
4.452398628302670081e-02 1.978508821065441225e+04
4.533376916730599837e-02 1.945711376086647215e+04
4.615828003024162463e-02 1.914058428176713642e+04
4.699778673789927613e-02 1.885149817845215148e+04
4.785256202817612936e-02 1.855851249217664372e+04
4.872288359940755986e-02 1.827726802880109972e+04
4.960903420058528079e-02 1.800763165783371005e+04
5.051130172321659922e-02 1.774934592888951374e+04
5.142997929485439851e-02 1.750202456668034210e+04
5.236536537432787825e-02 1.726514894324172565e+04
5.331776384870542951e-02 1.703806575618149509e+04
5.428748413202121037e-02 1.681998617847364585e+04
5.527484126579722962e-02 1.660998678398283300e+04
5.628015602139360002e-02 1.640701258249795501e+04
5.730375500422021928e-02 1.620988252732685760e+04
5.834597075984403192e-02 1.601729787112331724e+04
5.940714188202610851e-02 1.582785374647364733e+04
6.048761312272350754e-02 1.564005432454615584e+04
6.158773550409172431e-02 1.545233185437932661e+04
6.270786643252440618e-02 1.526306980715218197e+04
6.384836981476728346e-02 1.507063022950417144e+04
6.500961617614357813e-02 1.487338525639856016e+04
6.619198278092973398e-02 1.466975254152337584e+04
6.739585375492058994e-02 1.445823412903026474e+04
6.862162021022397140e-02 1.423745803292775599e+04
6.986968037232443862e-02 1.400622151107352329e+04
7.114043970945822803e-02 1.376353473783752997e+04
7.243431106434138067e-02 1.350866331096863541e+04
7.375171478829371796e-02 1.324116779521770695e+04
7.509307887780193591e-02 1.296093834324009367e+04
7.645883911356635143e-02 1.266822234652547013e+04
7.784943920207706980e-02 1.236364311291465310e+04
7.926533091976480094e-02 1.204820772292497350e+04
8.070697425977339801e-02 1.172330253025223647e+04
8.217483758140163574e-02 1.139067522167209245e+04
8.366939776226338388e-02 1.105939873784119663e+04
8.519114035321512235e-02 1.071778935165423172e+04
8.674055973610103609e-02 1.037547604381092424e+04
8.831815928436693997e-02 1.003520229611973264e+04
8.992445152659576946e-02 9.699788634514912701e+03
9.155995831301745602e-02 9.372047822295993683e+03
9.322521098504675530e-02 9.054697128261537728e+03
9.492075054790470590e-02 8.750270951205900928e+03
9.664712784637979892e-02 8.461036943916731616e+03
9.840490374378593752e-02 8.188918432205905447e+03
1.001946493041749736e-01 7.935425420385825419e+03
1.020169459778629134e-01 7.701595925538044867e+03
1.038723857903310482e-01 7.487948903399091250e+03
1.057615715345627400e-01 7.294449755148962140e+03
1.076851169668776725e-01 7.120489421424328611e+03
1.096436470063281848e-01 6.964878430812001170e+03
1.116377979377223828e-01 6.825857920322444443e+03
1.136682176183397008e-01 6.701130429480567727e+03
1.157355656884057893e-01 6.587913941734846958e+03
1.178405137853954926e-01 6.483022849597336062e+03
1.199837457622336401e-01 6.382978918953353968e+03
1.221659579094646897e-01 6.284153599528079212e+03
1.243878591814624734e-01 6.182940057607058407e+03
1.266501714267541656e-01 6.075949173003892611e+03
1.289536296225337886e-01 5.960218891935191095e+03
1.312989821134409318e-01 5.833421471983209813e+03
1.336869908546818309e-01 5.694049272818797363e+03
1.361184316595720756e-01 5.541557883287943696e+03
1.385940944515821338e-01 5.376446406126364309e+03
1.411147835209670964e-01 5.200259125090644375e+03
1.436813177860631896e-01 5.015500380603158192e+03
1.462945310593365966e-01 4.825464358376400924e+03
1.489552723182716587e-01 4.637574502944524284e+03
1.516644059811861622e-01 4.448700516877332120e+03
1.544228121880619198e-01 4.266514904938131622e+03
1.572313870864832930e-01 4.094673769487564641e+03
1.600910431227770547e-01 3.936179127143823280e+03
1.630027093384469050e-01 3.793155243188927216e+03
1.659673316719988967e-01 3.666692610309532029e+03
1.689858732662569418e-01 3.556766326447850133e+03
1.720593147812670975e-01 3.462231823065734716e+03
1.751886547128940208e-01 3.380900201901182299e+03
1.783749097172106224e-01 3.309696351610253259e+03
1.816191149407874739e-01 3.244902444469412785e+03
1.849223243569906305e-01 3.182483968532176277e+03
1.882856111083952566e-01 3.118483162379652185e+03
1.917100678554266580e-01 3.049446647637792466e+03
1.951968071313420761e-01 2.972834837225711908e+03
1.987469617036691782e-01 2.887347691725616642e+03
2.023616849422191499e-01 2.793102028872093342e+03
2.060421511937910177e-01 2.691613892910953837e+03
2.097895561636919370e-01 2.585573613652122276e+03
2.136051173041970119e-01 2.478442738683657808e+03
2.174900742100736029e-01 2.373938767481819468e+03
2.214456890212992413e-01 2.275494348970637475e+03
2.254732468331038520e-01 2.185777150120828992e+03
2.295740561134696767e-01 2.106338137977397764e+03
2.337494491282258446e-01 2.037429299805535948e+03
2.380007823738726491e-01 1.978007108939757472e+03
2.423294370182774438e-01 1.925920140210073669e+03
2.467368193493881534e-01 1.878264549056386613e+03
2.512243612321058972e-01 1.831871535110539298e+03
2.557935205734676587e-01 1.783861814545575953e+03
2.604457817962886890e-01 1.732169834743534466e+03
2.651826563214199628e-01 1.677086952411254288e+03
2.700056830587778123e-01 1.616720377747627481e+03
2.749164289073023903e-01 1.553857597660225110e+03
2.799164892640090829e-01 1.490851312643898154e+03
2.850074885423001247e-01 1.430215638656731926e+03
2.901910806997020087e-01 1.374040838782951596e+03
2.954689497752009952e-01 1.323540410402462840e+03
3.008428104363510269e-01 1.278827157266660606e+03
3.063144085363327385e-01 1.238957255802327836e+03
3.118855216811456943e-01 1.202225218883638945e+03
3.175579598071135989e-01 1.166640838611065647e+03
3.233335657688933273e-01 1.130471451129878915e+03
3.292142159381806765e-01 1.092700705122131467e+03
3.352018208133034083e-01 1.053262370368079701e+03
3.412983256399015897e-01 1.012970867694065078e+03
3.475057110428957929e-01 9.731749347337154177e+02
3.538259936699502672e-01 9.352619980578946297e+02
3.602612268466403034e-01 9.001904460993491739e+02
3.668135012435328468e-01 8.682063455477458547e+02
3.734849455554004605e-01 8.388274655345505835e+02
3.802777271927900715e-01 8.110835665202853306e+02
3.871940529861686020e-01 7.839153053923115522e+02
3.942361699028754662e-01 7.565767551939328541e+02
4.014063657771131943e-01 7.288820430772173040e+02
4.087069700532167116e-01 7.011999452383427069e+02
4.161403545424419148e-01 6.742133279444406071e+02
4.237089341935153519e-01 6.485680289730781851e+02
4.314151678771989684e-01 6.245797745002095098e+02
4.392615591851261048e-01 6.021277857735514090e+02
4.472506572431661498e-01 5.807662694944136774e+02
4.553850575395799183e-01 5.599793777638763004e+02
4.636674027682387567e-01 5.394393278062565287e+02
4.721003836871792148e-01 5.194145350486263624e+02
4.806867399927753359e-01 4.995829273681816858e+02
4.894292612098065098e-01 4.805365404309815744e+02
4.983307875977130430e-01 4.624493519863721644e+02
5.073942110733389299e-01 4.452733037781889607e+02
5.166224761504528695e-01 4.287980443775191475e+02
5.260185808963592224e-01 4.128008910690830362e+02
5.355855779059047750e-01 3.971790632617144183e+02
5.453265752932017207e-01 3.819797073896245934e+02
5.552447377013909335e-01 3.673233426030907367e+02
5.653432873307655537e-01 3.532912920304235627e+02
5.756255049855930617e-01 3.398641345397062423e+02
5.860947311399823390e-01 3.269471792099850518e+02
5.967543670231317821e-01 3.144479103747635804e+02
6.076078757243161821e-01 3.023352389316294762e+02
6.186587833179704177e-01 2.906366636742255309e+02
6.299106800092353353e-01 2.793881555598217119e+02
6.413672213003424050e-01 2.685891981668645485e+02
6.530321291782065218e-01 2.582008129854689855e+02
6.649091933236188634e-01 2.481788677127833012e+02
6.770022723424362621e-01 2.385038183717086611e+02
6.893152950191604456e-01 2.291798705410378432e+02
7.018522615933155961e-01 2.202117524444693117e+02
7.146172450590401182e-01 2.115879034037079691e+02
7.276143924883168301e-01 2.032854484068952274e+02
7.408479263782707935e-01 1.952858407822823210e+02
7.543221460229666553e-01 1.875814741553627130e+02
7.680414289101570313e-01 1.801685546432490526e+02
7.820102321434360126e-01 1.730383180763868438e+02
7.962330938902604238e-01 1.661773388472758199e+02
8.107146348563010196e-01 1.595736305549428096e+02
8.254595597866106749e-01 1.532193431793861578e+02
8.404726589940978432e-01 1.472064571344723447e+02
8.557588099157986683e-01 1.413280318866098355e+02
8.713229786974516777e-01 1.356721617949546612e+02
8.871702218068906465e-01 1.302339786741905812e+02
9.033056876767854293e-01 1.250027373558981196e+02
9.197346183772605599e-01 1.199737026875409356e+02
9.364623513189305193e-01 1.151401199675258766e+02
9.534943209869092273e-01 1.104896268141696538e+02
9.708360607063603043e-01 1.060232964044645740e+02
9.884932044401593121e-01 1.017268351074341979e+02
1.006471488619246513e+00 9.759952108393201797e+01
1.024776754006269330e+00 9.363294428148967086e+01
1.043414947593124031e+00 8.982013174128393018e+01
1.062392124533009685e+00 8.615801315094233814e+01
1.081714450107615688e+00 8.263837688152015915e+01
1.101388201730090444e+00 7.925774587879377009e+01
1.121419770984439124e+00 7.601043643222980961e+01
1.141815665702018201e+00 7.289000579472715913e+01
1.162582512075788221e+00 6.989530091930740241e+01
1.183727056813020928e+00 6.701667656465819789e+01
1.205256169327163729e+00 6.425398530632817540e+01
1.227176843969568276e+00 6.160136273257290895e+01
1.249496202301804137e+00 5.905272946318545024e+01
1.272221495409301628e+00 5.660787776400795224e+01
1.295360106257075872e+00 5.425996164485707851e+01
1.318919552088299918e+00 5.200548436567764554e+01
1.342907486866492972e+00 4.984302577617531682e+01
1.367331703762129980e+00 4.776619695761038287e+01
1.392200137684477257e+00 4.577403362099224893e+01
1.417520867859481282e+00 4.386152755018270710e+01
1.443302120454533100e+00 4.202684152084740532e+01
1.469552271250973430e+00 4.026661033232156228e+01
1.496279848365208220e+00 3.859782197809407478e+01
1.523493535019315948e+00 3.697715921570375741e+01
1.551202172362039944e+00 3.542238760973945944e+01
1.579414762341084355e+00 3.393174784948527645e+01
1.608140470627661189e+00 3.250059908543860132e+01
1.637388629594224598e+00 3.112909757351060236e+01
1.667168741346356731e+00 2.981371557954874874e+01
1.697490480809797031e+00 2.855196525901982696e+01
1.728363698873623955e+00 2.734203364783816070e+01
1.759798425590602067e+00 2.618239650739955593e+01
1.791804873435730583e+00 2.507014570953471022e+01
1.824393440624055396e+00 2.400419225951968372e+01
1.857574714488832379e+00 2.298184474162871638e+01
1.891359474921130213e+00 2.200240307185724831e+01
1.925758697871983838e+00 2.106305503893151965e+01
1.960783558918246516e+00 2.016343047096725272e+01
1.996445436893297343e+00 1.930047235251658577e+01
2.032755917583790151e+00 1.847398498801301159e+01
2.069726797493621984e+00 1.768160380193100423e+01
2.107370087676367021e+00 1.692289089488544107e+01
2.145698017637411859e+00 1.619531238742153434e+01
2.184723039307070014e+00 1.549875772145133013e+01
2.224457831085943749e+00 1.483099999708852224e+01
2.264915301963863037e+00 1.419164973794252305e+01
2.306108595713746379e+00 1.357891908768337785e+01
2.348051095161737933e+00 1.299211761035181745e+01
2.390756426534999868e+00 1.243009791171736467e+01
2.434238463888577897e+00 1.189178680891936679e+01
2.478511333612793077e+00 1.137622896119900595e+01
2.523589419022609359e+00 1.088252654854905188e+01
2.569487365030463710e+00 1.040977261487822325e+01
2.616220082904082478e+00 9.957115500125821583e+00
2.663802755110838749e+00 9.529793186486962497e+00
2.712250840250218342e+00 9.114778368407547404e+00
2.761580078075988709e+00 8.717304720095995663e+00
2.811806494609701002e+00 8.336773830837957533e+00
2.862946407347212840e+00 7.972763381558093165e+00
2.915016430559898897e+00 7.623979578512071420e+00
2.968033480692271908e+00 7.290334975033316844e+00
3.022014781857768728e+00 6.970925858932060848e+00
3.076977871434502632e+00 6.665185078567660071e+00
3.132940605762797315e+00 6.372623772005432841e+00
3.189921165946318915e+00 6.092611277595707087e+00
3.247938063758730287e+00 5.824680283631877842e+00
3.307010147657775789e+00 5.568324689048805176e+00
3.367156608908751902e+00 5.322917826656223816e+00
3.428396987819335884e+00 5.088299596188361029e+00
3.490751180087810823e+00 4.863623691953629091e+00
3.554239443266758780e+00 4.648849336900044094e+00
3.618882403344320764e+00 4.443256965958410909e+00
3.684701061445131653e+00 4.246644233815251468e+00
3.751716800653134509e+00 4.058575765185477024e+00
3.819951392958495173e+00 3.878638116797968660e+00
3.889427006330869574e+00 3.706567474186757138e+00
3.960166211921296142e+00 3.541965801855889051e+00
4.032191991395079000e+00 3.384571368299610139e+00
4.105527744398047574e+00 3.233997848789424090e+00
4.180197296158611131e+00 3.090069204765702349e+00
4.256224905228068067e+00 2.952366031068982100e+00
4.333635271361678143e+00 2.820770335316521660e+00
4.412453543543101375e+00 2.694862454103162719e+00
4.492705328154773525e+00 2.574511868554544503e+00
4.574416697296871170e+00 2.459436792542570860e+00
4.657614197257573529e+00 2.349439856461735587e+00
4.742324857137392158e+00 2.245539774288382695e+00
4.828576197630367162e+00 2.145016739488992297e+00
4.916396239964942794e+00 2.048832460743323036e+00
5.005813515007459635e+00 1.956961427760583794e+00
5.096857072531240540e+00 1.869115433008727178e+00
5.189556490654249288e+00 1.785147925100417421e+00
5.283941885448388831e+00 1.704918907274987960e+00
5.380043920723556639e+00 1.628208395636044470e+00
5.477893817989682113e+00 1.554908420535696445e+00
5.577523366599937304e+00 1.484863767922792066e+00
5.678964934078414295e+00 1.417915864669342163e+00
5.782251476635635434e+00 1.353918659387566947e+00
5.887416549875336358e+00 1.292824934066377107e+00
5.994494319695978568e+00 1.234396053072935651e+00
6.103519573390519426e+00 1.178602108162752238e+00
6.214527730948044670e+00 1.125253668270292273e+00
6.327554856560984042e+00 1.074320708116474288e+00
6.442637670341618161e+00 1.025649802489495999e+00
6.559813560251650522e+00 9.791445574850397016e-01
6.679120594248739273e+00 9.347286054864407667e-01
6.800597532653992694e+00 8.922898059007294824e-01
6.924283840744385188e+00 8.517545766668791485e-01
7.050219701574170550e+00 8.130494212659301612e-01
7.178446029029486475e+00 7.760537523232897694e-01
7.309004481120430441e+00 7.407318096035779842e-01
7.441937473514867563e+00 7.069927943367044776e-01
7.577288193318373111e+00 6.747678224140644110e-01
7.715100613104779903e+00 6.439995912121595500e-01
7.855419505201966857e+00 6.146164622184323578e-01
7.998290456237427293e+00 5.865430629197913026e-01
8.143759881948408719e+00 5.597479755201516527e-01
8.291875042261359852e+00 5.341579729803523913e-01
8.442684056645708424e+00 5.099732088824914245e-01
8.596235919746863630e+00 4.866284759274381866e-01
8.752580517303517382e+00 4.643601919682315837e-01
8.911768642354456205e+00 4.430816825995891883e-01
9.073852011740143553e+00 4.227543839780609214e-01
9.238883282904447825e+00 4.033760109495249102e-01
9.406916071001909074e+00 3.848609297390546136e-01
9.578004966316143509e+00 3.671805998682159400e-01
9.752205551995084321e+00 3.503109450891767063e-01
9.929574422108792930e+00 3.341987881193405618e-01
1.011016920003563868e+01 3.188374526622065330e-01
1.029404855718290079e+01 3.041510954687450252e-01
1.048127223204788017e+01 2.901473523940499288e-01
1.067190104962568320e+01 2.767752013073404571e-01
1.086599694116995529e+01 2.640129300062037387e-01
1.106362296431301218e+01 2.518334611245338084e-01
1.126484332355193452e+01 2.402124028159460800e-01
1.146972339110727646e+01 2.291153614689941942e-01
1.167832972816109383e+01 2.185283509873774954e-01
1.189073010648121631e+01 2.084274750485794470e-01
1.210699353043890270e+01 1.987860465395165088e-01
1.232719025942690116e+01 1.895848080410248160e-01
1.255139183068521724e+01 1.808058100569013837e-01
1.277967108254201989e+01 1.724272504315491894e-01
1.301210217807728142e+01 1.644355341015129035e-01
1.324876062921683229e+01 1.568098976306107617e-01
1.348972332126453466e+01 1.495328191872885015e-01
1.373506853788067339e+01 1.425897803848995837e-01
1.398487598651467323e+01 1.359683262543180393e-01
1.423922682430038478e+01 1.296464300271668313e-01
1.449820368442229146e+01 1.236192278783113108e-01
1.476189070296123518e+01 1.178681641256281165e-01
