# k[h/Mpc]    Pk[Mpc^3/h^3] (CDM+baryons, z=0, sum m_nu = 0.15 eV)
1.000000000000000048e-04 4.456124282782863020e+02
1.018192851288654056e-04 4.534044163657798094e+02
1.036716682415320324e-04 4.613325292088923675e+02
1.055577514846969182e-04 4.693991387760003136e+02
1.074781479598227148e-04 4.776066576757365851e+02
1.094334819224358437e-04 4.859575388364958712e+02
1.114243889850503427e-04 4.944542773566018354e+02
1.134515163237845173e-04 5.030994114878361074e+02
1.155155228887354377e-04 5.118955233750185698e+02
1.176170796181814416e-04 5.208452398081111596e+02
1.197568696566808123e-04 5.299512329870518670e+02
1.219355885771395451e-04 5.392162212995318669e+02
1.241539446069180779e-04 5.486429701119242281e+02
1.264126588580515400e-04 5.582342925735927111e+02
1.287124655616594384e-04 5.679930504348025124e+02
1.310541123066188615e-04 5.779221548784508968e+02
1.334383602825797493e-04 5.880245673375646902e+02
1.358659845274025704e-04 5.983032987312130899e+02
1.383377741790963323e-04 6.087614093149975361e+02
1.408545327323400568e-04 6.194020117266181842e+02
1.434170782996723684e-04 6.302282720807129408e+02
1.460262438774317321e-04 6.412434108742644412e+02
1.486828776165345905e-04 6.524507039070431347e+02
1.513878430981813628e-04 6.638534832173185123e+02
1.541420196145766618e-04 6.754551380330725578e+02
1.569463024547576211e-04 6.872591157389880436e+02
1.598016031956211612e-04 6.992689228594484803e+02
1.627088499982476107e-04 7.114881260578167712e+02
1.656689879096138421e-04 7.239203531522562116e+02
1.686829791697952625e-04 7.365692938937374947e+02
1.717518035247584925e-04 7.494386968460354410e+02
1.748764585448427458e-04 7.625323708004249283e+02
1.780579599490355648e-04 7.758541892167620517e+02
1.812973419351494885e-04 7.894080914091847490e+02
1.845956575160039546e-04 8.031980836395021015e+02
1.879539788617241337e-04 8.172282402281530267e+02
1.913733976482663102e-04 8.315027046829743540e+02
1.948550254122856829e-04 8.460256908460606837e+02
1.983999939124585297e-04 8.608014840590028598e+02
2.020094554973777819e-04 8.758344423467507340e+02
2.056845834801435461e-04 8.911289976204418508e+02
2.094265725197667807e-04 9.066896568994131940e+02
2.132366390095114320e-04 9.225210022305761868e+02
2.171160214723039149e-04 9.386276831427645675e+02
2.210659809633339990e-04 9.550144226451366194e+02
2.250878014799803737e-04 9.716860227641755046e+02
2.291827903791957422e-04 9.886473658378823757e+02
2.333522788024834985e-04 1.005903415807804095e+03
2.375976221086056330e-04 1.023459219530707173e+03
2.419202003141653350e-04 1.041319908110091774e+03
2.463214185422023359e-04 1.059490698247873752e+03
2.508027074789512386e-04 1.077976893616446660e+03
2.553655238389076002e-04 1.096783886251499098e+03
2.600113508383580818e-04 1.115917157965767501e+03
2.647416986775227160e-04 1.135382281784009137e+03
2.695581050314685314e-04 1.155184918233718236e+03
2.744621355499574371e-04 1.175330802165944078e+03
2.794553843663845458e-04 1.195825757763265074e+03
2.845394746159758551e-04 1.216675704251027128e+03
2.897160589634161019e-04 1.237886657351845770e+03
2.949868201400724570e-04 1.259464730760093289e+03
3.003534714909940903e-04 1.281416137636580743e+03
3.058177575318607564e-04 1.303747192123676768e+03
3.113814545160675839e-04 1.326464310881063057e+03
3.170463710121235027e-04 1.349574014642346356e+03
3.228143484915545593e-04 1.373082929792817367e+03
3.286872619275051630e-04 1.396997789968484767e+03
3.346670204042274878e-04 1.421325437540388748e+03
3.407555677376585749e-04 1.446072809313789094e+03
3.469548831072907032e-04 1.471246921771808957e+03
3.532669816995344099e-04 1.496854898287295555e+03
3.596939153627857458e-04 1.522903974049489989e+03
3.662377732744146039e-04 1.549401497635931491e+03
3.729006826198842401e-04 1.576354932601990868e+03
3.796848092842254412e-04 1.603771859088103156e+03
3.865923585560943217e-04 1.631659975444879819e+03
3.936255758446357959e-04 1.660027099876075454e+03
4.007867474093881042e-04 1.688881172099515879e+03
4.080782011034704971e-04 1.718230255026194754e+03
4.155023071302878300e-04 1.748082536457377046e+03
4.230614788140018689e-04 1.778446329227280330e+03
4.307581733840231200e-04 1.809330034504674131e+03
4.385948927737709220e-04 1.840742138246689592e+03
4.465741844339673225e-04 1.872691250290811695e+03
4.546986421607269535e-04 1.905186107778572023e+03
4.629709069387099988e-04 1.938235576695596819e+03
4.713936677996192776e-04 1.971848653421634026e+03
4.799696626963114669e-04 2.006034466290262571e+03
4.887016793928109122e-04 2.040802277158198876e+03
4.975925563705199022e-04 2.076161482983931819e+03
5.066451837509105497e-04 2.112121617415559740e+03
5.158625042350036471e-04 2.148692352387537085e+03
5.252475140599437630e-04 2.185883499726171522e+03
5.348032639729722064e-04 2.223705004771954009e+03
5.445328602231193230e-04 2.262166874876737893e+03
5.544394655709439885e-04 2.301279209166956662e+03
5.645263003166376423e-04 2.341052242961307002e+03
5.747966433468323271e-04 2.381496349531932083e+03
5.852538332004588112e-04 2.422622041338391227e+03
5.959012691539901374e-04 2.464439971255519140e+03
6.067424123264289265e-04 2.506960933794397079e+03
6.177807868044028370e-04 2.550195866315991680e+03
6.290199807877237988e-04 2.594155850236687002e+03
6.404636477557869127e-04 2.638852112225114070e+03
6.521155076551968374e-04 2.684296025389556689e+03
6.639793481089937589e-04 2.730499110455290975e+03
6.760590256478781488e-04 2.777473006040821929e+03
6.883584669638424022e-04 2.825229348254249089e+03
7.008816701866015138e-04 2.873779866064633097e+03
7.136327061832506164e-04 2.923136424439616349e+03
7.266157198815622470e-04 2.973311024803110740e+03
7.398349316173659113e-04 3.024315805450787138e+03
7.532946385064322441e-04 3.076163041929769406e+03
7.669992158413210326e-04 3.128865147381424322e+03
7.809531185136364337e-04 3.182434672845840851e+03
7.951608824621657834e-04 3.236884307526795965e+03
8.096271261473557369e-04 3.292226879015899613e+03
8.243565520526149317e-04 3.348475353474450912e+03
8.393539482129358346e-04 3.405642835500484125e+03
8.546241897713193272e-04 3.463742478405854399e+03
8.701722405635155082e-04 3.522787345204564645e+03
8.860031547316025383e-04 3.582790582305721273e+03
9.021220783669138630e-04 3.643765450136609161e+03
9.185342511828547196e-04 3.705725322052318916e+03
9.352450082181596814e-04 3.768683683166056198e+03
9.522597815711297603e-04 3.832654129098082649e+03
9.695841021654195762e-04 3.897650364641355736e+03
9.872236015479583272e-04 3.963686202341990338e+03
1.005184013719570731e-03 4.030775560992615738e+03
1.023471176998903354e-03 4.098932464036365673e+03
1.042091035920268260e-03 4.168171037879975302e+03
1.061049643166006237e-03 4.238505502428482032e+03
1.080353161534003880e-03 4.309949868613158287e+03
1.100007865941020346e-03 4.382517814556217672e+03
1.120020145462436367e-03 4.456223036009842872e+03
1.140396505409130030e-03 4.531079268397934356e+03
1.161143569442140474e-03 4.607100282489668643e+03
1.182268081725779563e-03 4.684299879918188708e+03
1.203776909119937686e-03 4.762691888542125525e+03
1.225677043412273662e-03 4.842290157647619708e+03
1.247975603590990466e-03 4.923108552988451265e+03
1.270679838158989732e-03 5.005160951662351181e+03
1.293797127490108707e-03 5.088461236820916383e+03
1.317334986228223953e-03 5.173023292211377338e+03
1.341301065730015436e-03 5.258860973542584361e+03
1.365703156552156234e-03 5.345987808469317315e+03
1.390549190983755108e-03 5.434417054995536091e+03
1.415847245624880920e-03 5.524161904519873133e+03
1.441605544011986383e-03 5.615235478873227294e+03
1.467832459291095685e-03 5.707650822352499745e+03
1.494536516939638099e-03 5.801420893544443970e+03
1.521726397537785614e-03 5.896558556938792208e+03
1.549410939590209870e-03 5.993076574329234063e+03
1.577599142399188420e-03 6.090987596001464226e+03
1.606300168989966727e-03 6.190304151707316123e+03
1.635523349089341256e-03 6.291038641424484922e+03
1.665278182158445083e-03 6.393203325901282369e+03
1.695574340480695760e-03 6.496810198085026968e+03
1.726421672305918737e-03 6.601870334214789182e+03
1.757830205051689977e-03 6.708394293084186756e+03
1.789810148562901533e-03 6.816392376530799993e+03
1.822371898430628434e-03 6.925874616846935169e+03
1.855526039371401025e-03 7.036850763371606263e+03
1.889283348667912315e-03 7.149330268834666640e+03
1.923654799672356013e-03 7.263322275455925592e+03
1.958651565373502844e-03 7.378835600802372028e+03
1.994285022028632545e-03 7.495878723406859535e+03
2.030566752861590052e-03 7.614459768152677498e+03
2.067508551828088018e-03 7.734586491427730834e+03
2.105122427449517258e-03 7.856266265975792521e+03
2.143420606716516918e-03 7.979505895839945879e+03
2.182415539063549490e-03 8.104311222632299177e+03
2.222119900415780395e-03 8.230687507398204616e+03
2.262546597309603950e-03 8.358639512723790176e+03
2.303708771088110261e-03 8.488171485028342431e+03
2.345619802172884284e-03 8.619287136660754186e+03
2.388293314413537840e-03 8.751989627809793092e+03
2.431743179516352837e-03 8.886281548238359392e+03
2.475983521553492845e-03 9.022164898852439364e+03
2.521028721554273606e-03 9.159641073116539701e+03
2.566893422179938791e-03 9.298710838327046076e+03
2.613592532483482739e-03 9.439374316756824555e+03
2.661141232756091858e-03 9.581630963463510852e+03
2.709554979461731641e-03 9.725479321204082225e+03
2.758849510261511279e-03 9.870916835631216600e+03
2.809040849129475128e-03 1.001794015812147518e+04
2.860145311561445615e-03 1.016654515920810263e+04
2.912179509878621078e-03 1.031672690821233664e+04
2.965160358627711400e-03 1.046847965286014187e+04
3.019105080079240774e-03 1.062179679890325133e+04
3.074031209825939682e-03 1.077667088976560262e+04
3.129956602482987689e-03 1.093309358623606386e+04
3.186899437491901629e-03 1.109105564622883867e+04
3.244878225030087531e-03 1.125054690463509360e+04
3.303911812027855201e-03 1.141155625328803580e+04
3.364019388294905554e-03 1.157407157094604372e+04
3.425220492758303866e-03 1.173807878028373671e+04
3.487535019813910002e-03 1.190356186021975918e+04
3.550983225793357713e-03 1.207050362776904331e+04
3.615585735548721910e-03 1.223888574670611706e+04
3.681363549156942572e-03 1.240868870645311654e+04
3.748338048746226604e-03 1.257989180133233822e+04
3.816531005446670635e-03 1.275247311021915448e+04
3.885964586467303538e-03 1.292640947663180305e+04
3.956661362301879675e-03 1.310167648929424286e+04
4.028644314065801639e-03 1.327824846321097357e+04
4.101936840966486156e-03 1.345609842129176650e+04
4.176562767909641240e-03 1.363519807656527519e+04
4.252546353243950861e-03 1.381551751091735605e+04
4.329912296646630868e-03 1.399702293585310508e+04
4.408685747152437870e-03 1.417967781643545277e+04
4.488892311328791275e-03 1.436344402113623801e+04
4.570558061599583680e-03 1.454828181257813412e+04
4.653709544720419609e-03 1.473414983132909947e+04
4.738373790408112810e-03 1.492100508082183660e+04
4.824578320127069324e-03 1.510880291345733167e+04
4.912351156035600803e-03 1.529749701795214060e+04
5.001720830095009521e-03 1.548703940798871190e+04
5.092716393344296974e-03 1.567738041222855827e+04
5.185367425343695783e-03 1.586846866574893102e+04
5.279704043790010327e-03 1.606025110296282401e+04
5.375756914306787163e-03 1.625267182912193857e+04
5.473557260412724793e-03 1.644566862116556149e+04
5.573136873671352513e-03 1.663917611543869134e+04
5.674528124025369699e-03 1.683312691117122449e+04
5.777763970319049064e-03 1.702745157036695673e+04
5.882877971012012881e-03 1.722207862010444296e+04
5.989904295087934011e-03 1.741693455733442534e+04
6.098877733161739596e-03 1.761194385625735958e+04
6.209833708788841528e-03 1.780702897836344710e+04
6.322808289980108576e-03 1.800211038521438240e+04
6.437838200926385319e-03 1.819710655404726640e+04
6.554960833936262360e-03 1.839193399627590770e+04
6.674214261591017439e-03 1.858650726104461501e+04
6.795637249120757215e-03 1.878073619708413025e+04
6.919269267005656761e-03 1.897452283741549400e+04
7.045150503806445370e-03 1.916776627559170447e+04
7.173321879228382672e-03 1.936036340031505097e+04
7.303825057422841556e-03 1.955220893699757653e+04
7.436702460530880687e-03 1.974319549370052118e+04
7.571997282473287398e-03 1.993321361153549151e+04
7.709753502991424298e-03 2.012215181960345581e+04
7.850015901943519989e-03 2.030989669454386967e+04
7.992830073861156154e-03 2.049633292475646522e+04
8.138242442770402332e-03 2.068134337935304211e+04
8.286300277282729679e-03 2.086480918188811120e+04
8.437051705960476808e-03 2.104660945241135778e+04
8.590545732961701528e-03 2.122661202166472503e+04
8.746832253969855087e-03 2.140467192101635737e+04
8.905962072413141362e-03 2.158064150577005057e+04
9.067986915978947307e-03 2.175437114308640957e+04
9.232959453428814245e-03 2.192570934068115457e+04
9.400933311719227026e-03 2.209450288327645103e+04
9.571963093433890138e-03 2.226059697681827311e+04
9.746104394533217086e-03 2.242383540045360860e+04
9.923413822426669154e-03 2.258406066624072264e+04
1.010394901437385203e-02 2.274111418654526278e+04
1.028776865622049903e-02 2.289483644905263282e+04
1.047493250147520615e-02 2.304506719930441250e+04
1.066550139073323480e-02 2.319164459088920557e+04
1.085953727145377856e-02 2.333439499390031051e+04
1.105710321809694544e-02 2.347313727919964003e+04
1.125826345262708091e-02 2.360768984015225215e+04
1.146308336538921606e-02 2.373787094890931257e+04
1.167162953636518598e-02 2.386349902097942322e+04
1.188396975681655331e-02 2.398439288883180052e+04
1.210017305132118047e-02 2.410037208420397292e+04
1.232030970021084568e-02 2.421125712874425517e+04
1.254445126241695782e-02 2.431686983258246983e+04
1.277267059873187817e-02 2.441703360037690436e+04
1.300504189549357356e-02 2.451157374434853409e+04
1.324164068870101706e-02 2.460031780376888855e+04
1.348254388856834698e-02 2.468308986199435822e+04
1.372782980452582312e-02 2.475968550396035425e+04
1.397757817067552845e-02 2.482989295590930851e+04
1.423187017171016755e-02 2.489350357623896707e+04
1.449078846930352236e-02 2.495031233473525936e+04
1.475441722898090599e-02 2.500011829574236617e+04
1.502284214747852745e-02 2.504272510926511313e+04
1.529615048060052954e-02 2.507794150878769506e+04
1.557443107158297015e-02 2.510558181451481869e+04
1.585777437997368949e-02 2.512546644066288718e+04
1.614627251103758002e-02 2.513742240535132441e+04
1.644001924569696987e-02 2.514128384157479377e+04
1.673911007101656218e-02 2.513689249790291069e+04
1.704364221124297918e-02 2.512409321706558694e+04
1.735371465940915153e-02 2.510272625029401024e+04
1.766942820951353937e-02 2.507263893375726548e+04
1.799088548928476708e-02 2.503368840771952091e+04
1.831819099354253105e-02 2.498574217249532740e+04
1.865145111816521317e-02 2.492867863481217864e+04
1.899077419467561437e-02 2.486238764231077221e+04
1.933627052545575792e-02 2.478677100386933307e+04
1.968805241960255858e-02 2.470174299340240759e+04
2.004623422943563674e-02 2.460723083475937892e+04
2.041093238766928872e-02 2.450317516533414164e+04
2.078226544526092998e-02 2.438953047599222191e+04
2.116035410994791810e-02 2.426626609387244389e+04
2.154532128548546088e-02 2.413339233897592203e+04
2.193729211159857126e-02 2.399097067394101032e+04
2.233639400466067362e-02 2.383907895148134412e+04
2.274275669911225012e-02 2.367780863942885844e+04
2.315651228963324162e-02 2.350726481258233616e+04
2.357779527408245326e-02 2.332756611090344813e+04
2.400674259721816833e-02 2.313884466354441611e+04
2.444349369521435500e-02 2.294124597830891798e+04
2.488819054098654476e-02 2.273492879626109789e+04
2.534097769034242970e-02 2.252006491132606970e+04
2.580200232897193052e-02 2.229683895484501409e+04
2.627141432029242440e-02 2.206544814518349085e+04
2.674936625416414818e-02 2.182611308123756680e+04
2.723601349649189957e-02 2.157923000042271087e+04
2.773151423972935320e-02 2.132532350827445771e+04
2.823602955430197167e-02 2.106491768293868881e+04
2.874972344096543217e-02 2.079853143643188014e+04
2.927276288411684996e-02 2.052667728996710866e+04
2.980531790607564985e-02 2.024986022931610569e+04
3.034756162235194635e-02 1.996857664113748251e+04
3.089967029792066097e-02 1.968331333071877089e+04
3.146182340451917497e-02 1.939454662112460937e+04
3.203420367898752313e-02 1.910274153331594425e+04
3.261699718266979769e-02 1.880835104640722057e+04
3.321039336189655911e-02 1.851181543686417353e+04
3.381458510956728697e-02 1.821361348344370708e+04
3.442976882785318132e-02 1.791451997990082236e+04
3.505614449204105115e-02 1.761538808115162465e+04
3.569391571553836434e-02 1.731702426916248442e+04
3.634328981606090719e-02 1.702018813716992736e+04
3.700447788302495961e-02 1.672559275358060404e+04
3.767769484616516340e-02 1.643390533686372873e+04
3.836315954540073236e-02 1.614574821004119258e+04
3.906109480197312439e-02 1.586170000421394798e+04
3.977172749087744263e-02 1.558229708168578691e+04
4.049528861461189344e-02 1.530803515061958569e+04
4.123201337826865737e-02 1.503937104473565159e+04
4.198214126599129209e-02 1.477672611908158433e+04
4.274591611882278680e-02 1.452049572049949893e+04
4.352358621396981014e-02 1.427104509441983464e+04
4.431540434550947788e-02 1.402870802726109287e+04
4.512162790656396028e-02 1.379378918467110998e+04
4.594251897297006032e-02 1.356656650801473734e+04
4.677834438847147669e-02 1.334729364832698957e+04
4.762937585146043151e-02 1.313620242648550084e+04
4.849589000329746630e-02 1.293349692205842075e+04
4.937816851823838976e-02 1.273911837941077283e+04
5.027649819499679928e-02 1.255273000748323466e+04
5.119117104997271406e-02 1.237399697893468147e+04
5.212248441217692818e-02 1.220260139383981368e+04
5.307074101988284998e-02 1.203824127486009093e+04
5.403624911903631006e-02 1.188052378161677370e+04
5.501932256345561101e-02 1.172872321936887965e+04
5.602028091685504890e-02 1.158207637370538396e+04
5.703944955672407557e-02 1.143985658612773477e+04
5.807715978009624774e-02 1.130130500905420558e+04
5.913374891124294208e-02 1.116541407536641236e+04
6.020956041132585757e-02 1.103114670309998837e+04
6.130494399004434575e-02 1.089750560959092218e+04
6.242025571931449079e-02 1.076339355257522766e+04
6.355585814901575092e-02 1.062764447736693728e+04
6.471212042484364435e-02 1.048914811750601802e+04
6.588941840830631058e-02 1.034681072139492971e+04
6.708813479890453346e-02 1.019956887186855056e+04
6.830865925853425724e-02 1.004644192540186486e+04
6.955138853815211186e-02 9.886570876605632293e+03
7.081672660674612207e-02 9.719200690919920817e+03
7.210508478265199861e-02 9.543744700001279853e+03
7.341688186725858767e-02 9.359838442604959710e+03
7.475254428114630478e-02 9.167263330617459360e+03
7.611250620270181011e-02 8.966123971154178435e+03
7.749720970925433328e-02 8.756692319245745239e+03
7.890710492078044369e-02 8.539561394737036608e+03
8.034265014622242462e-02 8.315553959673417921e+03
8.180431203246910088e-02 8.085743269348577996e+03
8.329256571604647108e-02 7.851471545440020236e+03
8.480789497756895112e-02 7.614232585840611137e+03
8.635079239899974557e-02 7.375767347041000903e+03
8.792175952377219439e-02 7.137862631041174609e+03
8.952130701982498329e-02 6.902470038274091166e+03
9.114995484560270422e-02 6.671482258716288925e+03
9.280823241907629195e-02 6.446831279485415507e+03
9.449667878983940283e-02 6.230291006255268258e+03
9.621584281433476216e-02 6.023525844120845250e+03
9.796628333426847524e-02 5.827956604147921098e+03
9.974856935827097759e-02 5.644753414358368900e+03
1.015632802468619950e-01 5.474779131563320334e+03
1.034110059007811722e-01 5.318547914312681314e+03
1.052923469527442119e-01 5.176215782792240134e+03
1.072079149626888606e-01 5.047543558626355662e+03
1.091583326165718459e-01 4.931893988075543348e+03
1.111442339287825876e-01 4.828250118555460176e+03
1.131662644482403085e-01 4.735186788858178261e+03
1.152250814682397734e-01 4.650976172411841617e+03
1.173213542401145143e-01 4.573532129704172803e+03
1.194557641907884188e-01 4.500590013514112798e+03
1.216290051442840969e-01 4.429670309478156014e+03
1.238417835472609974e-01 4.358292414183177243e+03
1.260948186986580177e-01 4.284049610751641012e+03
1.283888429835126355e-01 4.204765507756927036e+03
1.307246021110340384e-01 4.118642524169554235e+03
1.331028553570085537e-01 4.024380083409796498e+03
1.355243758106138563e-01 3.921314423238707150e+03
1.379899506257241670e-01 3.809497860290356130e+03
1.405003812767867122e-01 3.689667087720971267e+03
1.430564838193544852e-01 3.563306314095858852e+03
1.456590891553579126e-01 3.432383373658713026e+03
1.483090433032021316e-01 3.299441262215269035e+03
1.510072076727798640e-01 3.167157020171293425e+03
1.537544593454858166e-01 3.038361654357904172e+03
1.565516913593256454e-01 2.915633820631964227e+03
1.593998129992131307e-01 2.801257823691772955e+03
1.622997500925472680e-01 2.696930298345229403e+03
1.652524453101666957e-01 2.603719190754918600e+03
1.682588584727810199e-01 2.521892606660392630e+03
1.713199668629750150e-01 2.451038957843599292e+03
1.744367655428904484e-01 2.389842216333112447e+03
1.776102676776860900e-01 2.336481492480255838e+03
1.808415048648842893e-01 2.288644346277963905e+03
1.841315274697077342e-01 2.243828964692933823e+03
1.874814049665168569e-01 2.199215218348372218e+03
1.908922262864606312e-01 2.152173575457942661e+03
1.943651001714505333e-01 2.100486566911445607e+03
1.979011555345740747e-01 2.042858656969879803e+03
2.015015418270673930e-01 1.979083509843358797e+03
2.051674294119619768e-01 1.909960580339937223e+03
2.089000099445292302e-01 1.837043353054526960e+03
2.127004967596484164e-01 1.762588103144829347e+03
2.165701252662195486e-01 1.689035586744803823e+03
2.205101533487533183e-01 1.618793417001684929e+03
2.245218617762654856e-01 1.553846159859510180e+03
2.286065546186128450e-01 1.495480251904202305e+03
2.327655596704011065e-01 1.444242854169566726e+03
2.370002288826050518e-01 1.399763919048038360e+03
2.413119388020432687e-01 1.360956095323886075e+03
2.457020910188459084e-01 1.326071069115660521e+03
2.501721126220631253e-01 1.293069763525731332e+03
2.547234566635647179e-01 1.259846877065915123e+03
2.593576026303771598e-01 1.224778528119169778e+03
2.640760569256134782e-01 1.186773119290812474e+03
2.688803533581552996e-01 1.145821218573972601e+03
2.737720536412410199e-01 1.102579183963972582e+03
2.787527479001258301e-01 1.058581832869796926e+03
2.838240551889765206e-01 1.015488623083185757e+03
2.889876240171723176e-01 9.749728530725117253e+02
2.942451328851785064e-01 9.380804233573696820e+02
2.995982908301688674e-01 9.052421425143114675e+02
3.050488379815770590e-01 8.760200888350759669e+02
3.105985461267529724e-01 8.494539252482225038e+02
3.162492192869091334e-01 8.242201439671201797e+02
3.220026943035488309e-01 7.990243066983244944e+02
3.278608414355596024e-01 7.730323287670713626e+02
3.338255649671697523e-01 7.458718734099227277e+02
3.398988038269684098e-01 7.179508848540262989e+02
3.460825322181838581e-01 6.899861450213709304e+02
3.523787602604305236e-01 6.630005559897700778e+02
3.587895346431287935e-01 6.377343041404722044e+02
3.653169392908166557e-01 6.145747071413964022e+02
3.719630960405611586e-01 5.933579744241557137e+02
3.787301653316944572e-01 5.734952332678659559e+02
3.856203469081013746e-01 5.543118786025871714e+02
3.926358805332800794e-01 5.351638996741082792e+02
3.997790467184118013e-01 5.158742350114438295e+02
4.070521674636797815e-01 4.965393029799298574e+02
4.144576070130712719e-01 4.775480037042848380e+02
4.219977726229114934e-01 4.593377644650896059e+02
4.296751153443834070e-01 4.421295399089430020e+02
4.374921308202791015e-01 4.260016676004424880e+02
4.454513600962493047e-01 4.107329790542796673e+02
4.535553904468090924e-01 3.960311413365652129e+02
4.618068562163753499e-01 3.816523742890374251e+02
4.702084396756012197e-01 3.674266713157909976e+02
4.787628718932894767e-01 3.534625985066637668e+02
4.874729336241730993e-01 3.399569915908438134e+02
4.963414562128421470e-01 3.270414385629159142e+02
5.053713225141164278e-01 3.147973188432071652e+02
5.145654678301662122e-01 3.031360107180022965e+02
5.239268808646776465e-01 2.918465215240022417e+02
5.334586046943771143e-01 2.808242340256760485e+02
5.431637377582348991e-01 2.701108296658779295e+02
5.530454348646605123e-01 2.597531533721660253e+02
5.631069082170223616e-01 2.497895497430820342e+02
5.733514284578283826e-01 2.402482784572134165e+02
5.837823257318991432e-01 2.311001980153781119e+02
5.944029907688848091e-01 2.222737948056719404e+02
6.052168759854743563e-01 2.137177469377561749e+02
6.162274966076619620e-01 2.054444445226197331e+02
6.274384318134254013e-01 1.974795268857457984e+02
6.388533258961933692e-01 1.898313560573896268e+02
6.504758894494848676e-01 1.824763988729395123e+02
6.623099005730950228e-01 1.753890184990311241e+02
6.743592061012246841e-01 1.685509194826163935e+02
6.866277228529591437e-01 1.619583671746791538e+02
6.991194389054908864e-01 1.556093937093365867e+02
7.118384148905058106e-01 1.495008911959888565e+02
7.247887853141601333e-01 1.436248511981737295e+02
7.379747599010648695e-01 1.379709351679241252e+02
7.514006249627259715e-01 1.325293557752447100e+02
7.650707447908745573e-01 1.272910109786122064e+02
7.789895630761547451e-01 1.222485335861129272e+02
7.931616043526137361e-01 1.173954973163842794e+02
8.075914754684712094e-01 1.127256359655332290e+02
8.222838670836538633e-01 1.082328350279145468e+02
8.372435551945670573e-01 1.039110954168657202e+02
8.524754026866058210e-01 9.975436966116902227e+01
8.679843609149188177e-01 9.575672671376814549e+01
8.837754713139223117e-01 9.191243109653366616e+01
8.998538670360967107e-01 8.821593737284403858e+01
9.162247746206046983e-01 8.466188462362644884e+01
9.328935156922580907e-01 8.124509087923279083e+01
9.498655086913979639e-01 7.796054529099509978e+01
9.671462706352423888e-01 7.480340397484998505e+01
9.847414189112857485e-01 7.176898742742568515e+01
1.002656673103317075e+00 6.885277561409037617e+01
1.020897856850663477e+00 6.605040310548132254e+01
1.039470899741254284e+00 6.335765433659804557e+01
1.058381839239129318e+00 6.077045898653969402e+01
1.077636822647020098e+00 5.828488747693191385e+01
1.097242109104616281e+00 5.589714720720281349e+01
1.117204071623204564e+00 5.360358112189764057e+01
1.137529199157325532e+00 5.140066068310954250e+01
1.158224098714097927e+00 4.928498042059455031e+01
1.179295497500937762e+00 4.725325407422886315e+01
1.200750245112352843e+00 4.530231083910277334e+01
1.222595315756498158e+00 4.342909170927179474e+01
1.244837810522259947e+00 4.163064591849163065e+01
1.267484959687586565e+00 3.990412747625058643e+01
1.290544125069789771e+00 3.824679179739830914e+01
1.314022802418629343e+00 3.665599242365122024e+01
1.337928623852933541e+00 3.512917780621227593e+01
1.362269360341522129e+00 3.366388662966704004e+01
1.387052924229306816e+00 3.225774431828362765e+01
1.412287371809304970e+00 3.090846264298177459e+01
1.437980905941474319e+00 2.961383703363378217e+01
1.464141878719193102e+00 2.837174375186564390e+01
1.490778794184223655e+00 2.718013714864564534e+01
1.517900311091094689e+00 2.603704700460900767e+01
1.545515245721778452e+00 2.494057595109656589e+01
1.573632574751544055e+00 2.388889696991415335e+01
1.602261438166979080e+00 2.288025096984257090e+01
1.631411142237097822e+00 2.191294443796116553e+01
1.661091162538472332e+00 2.098534716387742094e+01
1.691311147035430507e+00 2.009589001579939449e+01
1.722080919216290917e+00 1.924306260652296885e+01
1.753410481286623579e+00 1.842541134344105913e+01
1.785310017420636663e+00 1.764153758301327457e+01
1.817789897071716787e+00 1.689009568842667974e+01
1.850860678343162258e+00 1.616979114702931852e+01
1.884533111420275020e+00 1.547937874864596708e+01
1.918818142064890653e+00 1.481766082308570631e+01
1.953726915173450651e+00 1.418348553518513810e+01
1.989270778399840234e+00 1.357574523576241710e+01
2.025461285844135872e+00 1.299337486689421084e+01
2.062310201808426502e+00 1.243535041996043766e+01
2.099829504620999376e+00 1.190068744493405006e+01
2.138031390530099607e+00 1.138843950332154265e+01
2.176928277668485734e+00 1.089769632916990716e+01
2.216532810090176664e+00 1.042758295992097395e+01
2.256857861880572358e+00 9.977258647424063653e+00
2.297916541341392893e+00 9.545915587402451052e+00
2.339722195251757952e+00 9.132777692709129980e+00
2.382288413206739008e+00 8.737099409222128799e+00
2.425629032034890553e+00 8.358164573037305090e+00
2.469758140296145932e+00 7.995285307654352636e+00
2.514690082861498865e+00 7.647800959886287941e+00
2.560439465576048956e+00 7.315077073255862317e+00
2.607021160006877558e+00 6.996504397677663079e+00
2.654450308277259918e+00 6.691497934200316244e+00
2.702742327988867821e+00 6.399495965845312995e+00
2.751912917233522826e+00 6.119959095495874912e+00
2.801978059696081491e+00 5.852369519473526793e+00
2.852954029850200968e+00 5.596230224236717454e+00
2.904857398248635203e+00 5.351064186944983092e+00
2.957705036909722196e+00 5.116413605071897130e+00
3.011514124801920822e+00 4.891839154090130926e+00
3.066302153428126953e+00 4.676919272281899076e+00
3.122086932511527912e+00 4.471249471756450156e+00
3.178886595784957247e+00 4.274441674783237666e+00
3.236719606885571920e+00 4.086123574577420037e+00
3.295604765356715760e+00 3.905938019700311070e+00
3.355561212759026635e+00 3.733542420656156935e+00
3.416608438892731137e+00 3.568608147730110147e+00
3.478766288133063878e+00 3.410819973103329072e+00
3.542054965881055395e+00 3.259875591866026490e+00
3.606495045131572041e+00 3.115485115631039026e+00
3.672107473160914903e+00 2.977370581028950802e+00
3.738913578336090726e+00 2.845265476762278922e+00
3.806935077047892690e+00 2.718914288560664971e+00
3.876194080770182016e+00 2.598072061399976374e+00
3.946713103247599275e+00 2.482503978369453801e+00
4.018515067813969388e+00 2.371984955591087907e+00
4.091623314843920944e+00 2.266299252614712323e+00
4.166061609340070859e+00 2.165240097731655489e+00
4.241854148658170232e+00 2.068609321069454055e+00
4.319025570372864387e+00 1.976216910913627389e+00
4.397600960286556671e+00 1.887880721471516532e+00
4.477605860583897091e+00 1.803426245714029985e+00
4.559066278134701555e+00 1.722686306720143223e+00
4.642008692947928949e+00 1.645500758442070444e+00
4.726460066779375246e+00 1.571716198271361220e+00
4.812447851896049400e+00 1.501185690959851327e+00
4.900000000000001243e+00 1.433768503465586708e+00
