# k[h/Mpc]    Pk[Mpc^3/h^3] (CDM+baryons, z=0, sum m_nu = 0.15 eV)
1.000000000000000048e-04 4.456116404580501467e+02
1.018192851288654056e-04 4.534036064861602426e+02
1.036716682415320324e-04 4.613316964212397693e+02
1.055577514846969182e-04 4.693982821934599770e+02
1.074781479598227148e-04 4.776057763719415448e+02
1.094334819224358437e-04 4.859566318424333531e+02
1.114243889850503427e-04 4.944533436581891692e+02
1.134515163237845173e-04 5.030984500240979855e+02
1.155155228887354377e-04 5.118945330362059849e+02
1.176170796181814416e-04 5.208442194337492310e+02
1.197568696566808123e-04 5.299501813639228658e+02
1.219355885771395451e-04 5.392151371595894034e+02
1.241539446069180779e-04 5.486418521301369537e+02
1.264126588580515400e-04 5.582331393657137824e+02
1.287124655616594384e-04 5.679918605550639086e+02
1.310541123066188615e-04 5.779209268171812255e+02
1.334383602825797493e-04 5.880232995187292317e+02
1.358659845274025704e-04 5.983019895044764098e+02
1.383377741790963323e-04 6.087600569409310083e+02
1.408545327323400568e-04 6.194006143713558004e+02
1.434170782996723684e-04 6.302268278117768432e+02
1.460262438774317321e-04 6.412419176562366374e+02
1.486828776165345905e-04 6.524491595970797562e+02
1.513878430981813628e-04 6.638518855605043427e+02
1.541420196145766618e-04 6.754534846576076461e+02
1.569463024547576211e-04 6.872574041512066287e+02
1.598016031956211612e-04 6.992671504386524930e+02
1.627088499982476107e-04 7.114862900509386918e+02
1.656689879096138421e-04 7.239184506683180871e+02
1.686829791697952625e-04 7.365673218984707091e+02
1.717518035247584925e-04 7.494366521526899305e+02
1.748764585448427458e-04 7.625302500557285157e+02
1.780579599490355648e-04 7.758519888932737558e+02
1.812973419351494885e-04 7.894058077979042309e+02
1.845956575160039546e-04 8.031957128422230880e+02
1.879539788617241337e-04 8.172257781495527524e+02
1.913733976482663102e-04 8.315001470224210607e+02
1.948550254122856829e-04 8.460230330891344011e+02
1.983999939124585297e-04 8.607987214687293545e+02
2.020094554973777819e-04 8.758315699545224788e+02
2.056845834801435461e-04 8.911260102166335173e+02
2.094265725197667807e-04 9.066865490236783671e+02
2.132366390095114320e-04 9.225177681612152583e+02
2.171160214723039149e-04 9.386243168657542810e+02
2.210659809633339990e-04 9.550109178260116778e+02
2.250878014799803737e-04 9.716823727340704409e+02
2.291827903791957422e-04 9.886435635792793164e+02
2.333522788024834985e-04 1.005899453939794626e+03
2.375976221086056330e-04 1.023455090293726357e+03
2.419202003141653350e-04 1.041315603350127049e+03
2.463214185422023359e-04 1.059486209400108010e+03
2.508027074789512386e-04 1.077972211688364951e+03
2.553655238389076002e-04 1.096779001805371990e+03
2.600113508383580818e-04 1.115912061100581695e+03
2.647416986775227160e-04 1.135376962116739378e+03
2.695581050314685314e-04 1.155179364876829595e+03
2.744621355499574371e-04 1.175325003666187285e+03
2.794553843663845458e-04 1.195819702061402268e+03
2.845394746159758551e-04 1.216669378656097706e+03
2.897160589634161019e-04 1.237880048514525242e+03
2.949868201400724570e-04 1.259457824645145593e+03
3.003534714909940903e-04 1.281408919494340807e+03
3.058177575318607564e-04 1.303739646460541508e+03
3.113814545160675839e-04 1.326456421428982594e+03
3.170463710121235027e-04 1.349565764327272973e+03
3.228143484915545593e-04 1.373074300702063510e+03
3.286872619275051630e-04 1.396988763316989889e+03
3.346670204042274878e-04 1.421315993636509802e+03
3.407555677376585749e-04 1.446062927522844120e+03
3.469548831072907032e-04 1.471236580435089763e+03
3.532669816995344099e-04 1.496844074669510292e+03
3.596939153627857458e-04 1.522892644295108539e+03
3.662377732744146039e-04 1.549389636724066349e+03
3.729006826198842401e-04 1.576342514299755521e+03
3.796848092842254412e-04 1.603758855902404775e+03
3.865923585560943217e-04 1.631646358572640565e+03
3.936255758446357959e-04 1.660012839152752349e+03
4.007867474093881042e-04 1.688866235945980179e+03
4.080782011034704971e-04 1.718214610393828025e+03
4.155023071302878300e-04 1.748066148771377811e+03
4.230614788140018689e-04 1.778429162331742873e+03
4.307581733840231200e-04 1.809312050597099187e+03
4.385948927737709220e-04 1.840723297754690520e+03
4.465741844339673225e-04 1.872671511796002278e+03
4.546986421607269535e-04 1.905165427945217743e+03
4.629709069387099988e-04 1.938213910196975121e+03
4.713936677996192776e-04 1.971825952863998282e+03
4.799696626963114669e-04 2.006010682134403851e+03
4.887016793928109122e-04 2.040777357638476133e+03
4.975925563705199022e-04 2.076135374024745033e+03
5.066451837509105497e-04 2.112094262545209858e+03
5.158625042350036471e-04 2.148663692649342465e+03
5.252475140599437630e-04 2.185853473586828841e+03
5.348032639729722064e-04 2.223673548060595294e+03
5.445328602231193230e-04 2.262133920889614728e+03
5.544394655709439885e-04 2.301244688636485080e+03
5.645263003166376423e-04 2.341016083971697299e+03
5.747966433468323271e-04 2.381458477434165616e+03
5.852538332004588112e-04 2.422582378662887550e+03
5.959012691539901374e-04 2.464398437622433448e+03
6.067424123264289265e-04 2.506917445821482488e+03
6.177807868044028370e-04 2.550150337524031784e+03
6.290199807877237988e-04 2.594108190952359564e+03
6.404636477557869127e-04 2.638802229481301310e+03
6.521155076551968374e-04 2.684243822823004393e+03
6.639793481089937589e-04 2.730444488201566855e+03
6.760590256478781488e-04 2.777415860824863103e+03
6.883584669638424022e-04 2.825169574033652225e+03
7.008816701866015138e-04 2.873717354139384952e+03
7.136327061832506164e-04 2.923071063414747186e+03
7.266157198815622470e-04 2.973242700551867529e+03
7.398349316173659113e-04 3.024244401078121427e+03
7.532946385064322441e-04 3.076088437736263131e+03
7.669992158413210326e-04 3.128787220827638521e+03
7.809531185136364337e-04 3.182353298517116855e+03
7.951608824621657834e-04 3.236799357098680048e+03
8.096271261473557369e-04 3.292138221220031483e+03
8.243565520526149317e-04 3.348382854065164338e+03
8.393539482129358346e-04 3.405546357227687622e+03
8.546241897713193272e-04 3.463641882178234937e+03
8.701722405635155082e-04 3.522682492786855164e+03
8.860031547316025383e-04 3.582681336903964166e+03
9.021220783669138630e-04 3.643651676669772769e+03
9.185342511828547196e-04 3.705606887436944362e+03
9.352450082181596814e-04 3.768560456614402028e+03
9.522597815711297603e-04 3.832525982429956912e+03
9.695841021654195762e-04 3.897517172610327634e+03
9.872236015479583272e-04 3.963547842976184256e+03
1.005184013719570731e-03 4.030631915950478287e+03
1.023471176998903354e-03 4.098783418978045120e+03
1.042091035920268260e-03 4.168016482854492097e+03
1.061049643166006237e-03 4.238345332399879226e+03
1.080353161534003880e-03 4.309783987899457316e+03
1.100007865941020346e-03 4.382346142345034423e+03
1.120020145462436367e-03 4.456045507702382565e+03
1.140396505409130030e-03 4.530895836739039623e+03
1.161143569442140474e-03 4.606910918741603382e+03
1.182268081725779563e-03 4.684104575079026290e+03
1.203776909119937686e-03 4.762490654609886406e+03
1.225677043412273662e-03 4.842083028931187073e+03
1.247975603590990466e-03 4.922895587466181496e+03
1.270679838158989732e-03 5.004942232389472338e+03
1.293797127490108707e-03 5.088236873386777006e+03
1.317334986228223953e-03 5.172793422247491435e+03
1.341301065730015436e-03 5.258625764968533986e+03
1.365703156552156234e-03 5.345747469982034090e+03
1.390549190983755108e-03 5.434171844516539750e+03
1.415847245624880920e-03 5.523912132098754228e+03
1.441605544011986383e-03 5.614981509572867253e+03
1.467832459291095685e-03 5.707393079230310832e+03
1.494536516939638099e-03 5.801159860731851040e+03
1.521726397537785614e-03 5.896294782820234104e+03
1.549410939590209870e-03 5.992810674822186229e+03
1.577599142399188420e-03 6.090720257939248768e+03
1.606300168989966727e-03 6.190036136325997177e+03
1.635523349089341256e-03 6.290770787955291780e+03
1.665278182158445083e-03 6.392936555270040117e+03
1.695574340480695760e-03 6.496545517020757870e+03
1.726421672305918737e-03 6.601608839922999323e+03
1.757830205051689977e-03 6.708137177206593151e+03
1.789810148562901533e-03 6.816140929332772430e+03
1.822371898430628434e-03 6.925630231522657596e+03
1.855526039371401025e-03 7.036614940462230152e+03
1.889283348667912315e-03 7.149104620759851969e+03
1.923654799672356013e-03 7.263108531159206905e+03
1.958651565373502844e-03 7.378635610510727929e+03
1.994285022028632545e-03 7.495694463504485611e+03
2.030566752861590052e-03 7.614293346168995413e+03
2.067508551828088018e-03 7.734440151139589943e+03
2.105122427449517258e-03 7.856142392617674886e+03
2.143420606716516918e-03 7.979407005697593377e+03
2.182415539063549490e-03 8.104239916839112993e+03
2.222119900415780395e-03 8.230646463133845828e+03
2.262546597309603950e-03 8.358631483924566055e+03
2.303708771088110261e-03 8.488199303053934273e+03
2.345619802172884284e-03 8.619353710915076590e+03
2.388293314413537840e-03 8.752097946313397188e+03
2.431743179516352837e-03 8.886434678150148102e+03
2.475983521553492845e-03 9.022365986938330025e+03
2.521028721554273606e-03 9.159893346162441958e+03
2.566893422179938791e-03 9.299017603493708521e+03
2.613592532483482739e-03 9.439738961874174493e+03
2.661141232756091858e-03 9.582056956579810503e+03
2.709554979461731641e-03 9.725970161127821484e+03
2.758849510261511279e-03 9.871475965915382403e+03
2.809040849129475128e-03 1.001857095113477226e+04
2.860145311561445615e-03 1.016725090734023797e+04
2.912179509878621078e-03 1.031751081477455409e+04
2.965160358627711400e-03 1.046934482268018473e+04
3.019105080079240774e-03 1.062274622861465105e+04
3.074031209825939682e-03 1.077770745779118806e+04
3.129956602482987689e-03 1.093422004246630422e+04
3.186899437491901629e-03 1.109227460139629511e+04
3.244878225030087531e-03 1.125186081938637471e+04
3.303911812027855201e-03 1.141296742695567264e+04
3.364019388294905554e-03 1.157558213069204794e+04
3.425220492758303866e-03 1.173969068019189217e+04
3.487535019813910002e-03 1.190527687856996818e+04
3.550983225793357713e-03 1.207232335598147802e+04
3.615585735548721910e-03 1.224081157780564354e+04
3.681363549156942572e-03 1.241072182328229792e+04
3.748338048746226604e-03 1.258203316451983119e+04
3.816531005446670635e-03 1.275472344591088950e+04
3.885964586467303538e-03 1.292876926399258627e+04
3.956661362301879675e-03 1.310414594778937681e+04
4.028644314065801639e-03 1.328082753967675853e+04
4.101936840966486156e-03 1.345878677680546025e+04
4.176562767909641240e-03 1.363799507312590504e+04
4.252546353243950861e-03 1.381842222107361158e+04
4.329912296646630868e-03 1.400003431737328901e+04
4.408685747152437870e-03 1.418279480025702469e+04
4.488892311328791275e-03 1.436666551380414967e+04
4.570558061599583680e-03 1.455160669824643628e+04
4.653709544720419609e-03 1.473757697387262670e+04
4.738373790408112810e-03 1.492453332605842479e+04
4.824578320127069324e-03 1.511243109147975520e+04
4.912351156035600803e-03 1.530122394556911786e+04
5.001720830095009521e-03 1.549086389127461371e+04
5.092716393344296974e-03 1.568130124918031106e+04
5.185367425343695783e-03 1.587248464904900720e+04
5.279704043790010327e-03 1.606436102284620392e+04
5.375756914306787163e-03 1.625687451199175848e+04
5.473557260412724793e-03 1.644996307262115806e+04
5.573136873671352513e-03 1.664356156504394676e+04
5.674528124025369699e-03 1.683760282547457246e+04
5.777763970319049064e-03 1.703201766605649391e+04
5.882877971012012881e-03 1.722673487727553584e+04
5.989904295087934011e-03 1.742168123284629473e+04
6.098877733161739596e-03 1.761678149715458494e+04
6.209833708788841528e-03 1.781195843533535299e+04
6.322808289980108576e-03 1.800713282606603389e+04
6.437838200926385319e-03 1.820222347715260912e+04
6.554960833936262360e-03 1.839714724398405815e+04
6.674214261591017439e-03 1.859181903094955123e+04
6.795637249120757215e-03 1.878614871879935163e+04
6.919269267005656761e-03 1.898003765986495273e+04
7.045150503806445370e-03 1.917338414653086511e+04
7.173321879228382672e-03 1.936608423275321547e+04
7.303825057422841556e-03 1.955803177587532991e+04
7.436702460530880687e-03 1.974911848291120259e+04
7.571997282473287398e-03 1.993923396138358294e+04
7.709753502991424298e-03 2.012826577479668777e+04
7.850015901943519989e-03 2.031609950281631973e+04
7.992830073861156154e-03 2.050261880622521858e+04
8.138242442770402332e-03 2.068770549671208937e+04
8.286300277282729679e-03 2.087123961154560311e+04
8.437051705960476808e-03 2.105309920301923557e+04
8.590545732961701528e-03 2.123315232256822492e+04
8.746832253969855087e-03 2.141125571621780909e+04
8.905962072413141362e-03 2.158726360051114898e+04
9.067986915978947307e-03 2.176102827378909933e+04
9.232959453428814245e-03 2.193240024309275032e+04
9.400933311719227026e-03 2.210122835853787183e+04
9.571963093433890138e-03 2.226735995516771800e+04
9.746104394533217086e-03 2.243064100227379458e+04
9.923413822426669154e-03 2.259091626015238580e+04
1.010394901437385203e-02 2.274802944424628367e+04
1.028776865622049903e-02 2.290182339659905847e+04
1.047493250147520615e-02 2.305214026452818871e+04
1.066550139073323480e-02 2.319882031844270750e+04
1.085953727145377856e-02 2.334168844987324337e+04
1.105710321809694544e-02 2.348055973561647261e+04
1.125826345262708091e-02 2.361524863128209472e+04
1.146308336538921606e-02 2.374556936672227312e+04
1.167162953636518598e-02 2.387133621757102446e+04
1.188396975681655331e-02 2.399236378645429795e+04
1.210017305132118047e-02 2.410846729354127820e+04
1.232030970021084568e-02 2.421946287606573242e+04
1.254445126241695782e-02 2.432516789640120987e+04
1.277267059873187817e-02 2.442540125823218114e+04
1.300504189549357356e-02 2.451998373031708616e+04
1.324164068870101706e-02 2.460873827729441109e+04
1.348254388856834698e-02 2.469148543567082743e+04
1.372782980452582312e-02 2.476802266647040597e+04
1.397757817067552845e-02 2.483814189661915225e+04
1.423187017171016755e-02 2.490163827953527289e+04
1.449078846930352236e-02 2.495831066525470669e+04
1.475441722898090599e-02 2.500796207458695426e+04
1.502284214747852745e-02 2.505040018049397622e+04
1.529615048060052954e-02 2.508543779549398096e+04
1.557443107158297015e-02 2.511289336381743487e+04
1.585777437997368949e-02 2.513259145696752603e+04
1.614627251103758002e-02 2.514436327126812830e+04
1.644001924569696987e-02 2.514804712591095449e+04
1.673911007101656218e-02 2.514348894722072509e+04
1.704364221124297918e-02 2.513053614086951711e+04
1.735371465940915153e-02 2.510902727423851320e+04
1.766942820951353937e-02 2.507880729354214418e+04
1.799088548928476708e-02 2.503973094156350999e+04
1.831819099354253105e-02 2.499166332153306939e+04
1.865145111816521317e-02 2.493448045172254206e+04
1.899077419467561437e-02 2.486806980844915233e+04
1.933627052545575792e-02 2.479233085514255436e+04
1.968805241960255858e-02 2.470717555508415535e+04
2.004623422943563674e-02 2.461252886540367399e+04
2.041093238766928872e-02 2.450832920989799095e+04
2.078226544526092998e-02 2.439452892823299408e+04
2.116035410994791810e-02 2.427109529856116569e+04
2.154532128548546088e-02 2.413803817480881844e+04
2.193729211159857126e-02 2.399542075438036045e+04
2.233639400466067362e-02 2.384332279024718810e+04
2.274275669911225012e-02 2.368183764008189610e+04
2.315651228963324162e-02 2.351107225141537856e+04
2.357779527408245326e-02 2.333114711317912952e+04
2.400674259721816833e-02 2.314219617314869538e+04
2.444349369521435500e-02 2.294436672091928267e+04
2.488819054098654476e-02 2.273781923616275890e+04
2.534097769034242970e-02 2.252272720203706194e+04
2.580200232897193052e-02 2.229927688374546779e+04
2.627141432029242440e-02 2.206766707237209994e+04
2.674936625416414818e-02 2.182811978824411199e+04
2.723601349649189957e-02 2.158103168863738028e+04
2.773151423972935320e-02 2.132692721604409599e+04
2.823602955430197167e-02 2.106633026890620386e+04
2.874972344096543217e-02 2.079975956939621756e+04
2.927276288411684996e-02 2.052772744041166516e+04
2.980531790607564985e-02 2.025073866252374864e+04
3.034756162235194635e-02 1.996928941180777838e+04
3.089967029792066097e-02 1.968386627899732412e+04
3.146182340451917497e-02 1.939494536995360249e+04
3.203420367898752313e-02 1.910299148701208105e+04
3.261699718266979769e-02 1.880845739037403473e+04
3.321039336189655911e-02 1.851178313834367873e+04
3.381458510956728697e-02 1.821344722889411423e+04
3.442976882785318132e-02 1.791422427189603695e+04
3.505614449204105115e-02 1.761496742997443653e+04
3.569391571553836434e-02 1.731648317068846882e+04
3.634328981606090719e-02 1.701953104991031432e+04
3.700447788302495961e-02 1.672482407749599224e+04
3.767769484616516340e-02 1.643302939392355984e+04
3.836315954540073236e-02 1.614476922648938489e+04
3.906109480197312439e-02 1.586062209448554677e+04
3.977172749087744263e-02 1.558112423391010452e+04
4.049528861461189344e-02 1.530677121363337392e+04
4.123201337826865737e-02 1.503801971652350403e+04
4.198214126599129209e-02 1.477529098297036944e+04
4.274591611882278680e-02 1.451898052992387966e+04
4.352358621396981014e-02 1.426945385804127909e+04
4.431540434550947788e-02 1.402704497242684192e+04
4.512162790656396028e-02 1.379205872396162158e+04
4.594251897297006032e-02 1.356477320925165077e+04
4.677834438847147669e-02 1.334544220807354395e+04
4.762937585146043151e-02 1.313429764704611262e+04
4.849589000329746630e-02 1.293154368256105045e+04
4.937816851823838976e-02 1.273712080459074423e+04
5.027649819499679928e-02 1.255069028366698331e+04
5.119117104997271406e-02 1.237191537433611848e+04
5.212248441217692818e-02 1.220047636652474284e+04
5.307074101988284998e-02 1.203606957052984035e+04
5.403624911903631006e-02 1.187830203192175395e+04
5.501932256345561101e-02 1.172645257231558026e+04
5.602028091685504890e-02 1.157976315306942706e+04
5.703944955672407557e-02 1.143751205155846765e+04
5.807715978009624774e-02 1.129894298368698946e+04
5.913374891124294208e-02 1.116304128459210369e+04
6.020956041132585757e-02 1.102876047357746393e+04
6.130494399004434575e-02 1.089509490021858619e+04
6.242025571931449079e-02 1.076094895827358596e+04
6.355585814901575092e-02 1.062516610826991382e+04
6.471212042484364435e-02 1.048664507511843294e+04
6.588941840830631058e-02 1.034429484862117351e+04
6.708813479890453346e-02 1.019704966116033029e+04
6.830865925853425724e-02 1.004392635206591513e+04
6.955138853815211186e-02 9.884062805002866298e+03
7.081672660674612207e-02 9.716700810054659087e+03
7.210508478265199861e-02 9.541253136402823657e+03
7.341688186725858767e-02 9.357359026580932550e+03
7.475254428114630478e-02 9.164803033327212688e+03
7.611250620270181011e-02 8.963689044043783724e+03
7.749720970925433328e-02 8.754287193431862761e+03
7.890710492078044369e-02 8.537189080830712555e+03
8.034265014622242462e-02 8.313216571095901600e+03
8.180431203246910088e-02 8.083443803050432507e+03
8.329256571604647108e-02 7.849216065502038873e+03
8.480789497756895112e-02 7.612026784683695041e+03
8.635079239899974557e-02 7.373611295070854794e+03
8.792175952377219439e-02 7.135753325308327476e+03
8.952130701982498329e-02 6.900407217613736975e+03
9.114995484560270422e-02 6.669467697795611457e+03
9.280823241907629195e-02 6.444866219401749731e+03
9.449667878983940283e-02 6.228374770503836771e+03
9.621584281433476216e-02 6.021653647774882302e+03
9.796628333426847524e-02 5.826123242231231416e+03
9.974856935827097759e-02 5.642960315247633844e+03
1.015632802468619950e-01 5.473027938273257860e+03
1.034110059007811722e-01 5.316829409166274672e+03
1.052923469527442119e-01 5.174520304301573560e+03
1.072079149626888606e-01 5.045874409054231364e+03
1.091583326165718459e-01 4.930254708055836090e+03
1.111442339287825876e-01 4.826631995518036092e+03
1.131662644482403085e-01 4.733582391757679034e+03
1.152250814682397734e-01 4.649387998819322092e+03
1.173213542401145143e-01 4.571961636603117768e+03
1.194557641907884188e-01 4.499033469148596851e+03
1.216290051442840969e-01 4.428129165614678641e+03
1.238417835472609974e-01 4.356773859670399361e+03
1.260948186986580177e-01 4.282555753844656465e+03
1.283888429835126355e-01 4.203294402611371879e+03
1.307246021110340384e-01 4.117196325064234770e+03
1.331028553570085537e-01 4.022964245357775781e+03
1.355243758106138563e-01 3.919935003382529885e+03
1.379899506257241670e-01 3.808157821912366671e+03
1.405003812767867122e-01 3.688364243520422406e+03
1.430564838193544852e-01 3.562041451590858287e+03
1.456590891553579126e-01 3.431163314458063724e+03
1.483090433032021316e-01 3.298267476664609148e+03
1.510072076727798640e-01 3.166024572796726716e+03
1.537544593454858166e-01 3.037268815107453065e+03
1.565516913593256454e-01 2.914581200126738167e+03
1.593998129992131307e-01 2.800242268666337623e+03
1.622997500925472680e-01 2.695946565026892131e+03
1.652524453101666957e-01 2.602762728962923120e+03
1.682588584727810199e-01 2.520959857802156876e+03
1.713199668629750150e-01 2.450127054560859051e+03
1.744367655428904484e-01 2.388948972292570033e+03
1.776102676776860900e-01 2.335605004216421548e+03
1.808415048648842893e-01 2.287782947097363376e+03
1.841315274697077342e-01 2.242981760882128583e+03
1.874814049665168569e-01 2.198384170392578653e+03
1.908922262864606312e-01 2.151361894648776342e+03
1.943651001714505333e-01 2.099695286293505887e+03
1.979011555345740747e-01 2.042088961687472647e+03
2.015015418270673930e-01 1.978340206790447382e+03
2.051674294119619768e-01 1.909246101314845191e+03
2.089000099445292302e-01 1.836354719836076356e+03
2.127004967596484164e-01 1.761924448131267809e+03
2.165701252662195486e-01 1.688399603118192999e+03
2.205101533487533183e-01 1.618181810844858774e+03
2.245218617762654856e-01 1.553251896352585618e+03
2.286065546186128450e-01 1.494903697930225917e+03
2.327655596704011065e-01 1.443687157013943761e+03
2.370002288826050518e-01 1.399224840656538390e+03
2.413119388020432687e-01 1.360428380559086918e+03
2.457020910188459084e-01 1.325554861834461235e+03
2.501721126220631253e-01 1.292566892794598289e+03
2.547234566635647179e-01 1.259358064656520810e+03
2.593576026303771598e-01 1.224304135996000014e+03
2.640760569256134782e-01 1.186313673260328642e+03
2.688803533581552996e-01 1.145378620821950108e+03
2.737720536412410199e-01 1.102155257988215681e+03
2.787527479001258301e-01 1.058174774345384094e+03
2.838240551889765206e-01 1.015095488293216363e+03
2.889876240171723176e-01 9.745935214204873773e+02
2.942451328851785064e-01 9.377151610388892777e+02
2.995982908301688674e-01 9.048890794614849256e+02
3.050488379815770590e-01 8.756771384687598356e+02
3.105985461267529724e-01 8.491196859151165199e+02
3.162492192869091334e-01 8.238947378360124958e+02
3.220026943035488309e-01 7.987090161155979331e+02
3.278608414355596024e-01 7.727281645933500158e+02
3.338255649671697523e-01 7.455792206253014456e+02
3.398988038269684098e-01 7.176699728056713639e+02
3.460825322181838581e-01 6.897168318835572336e+02
3.523787602604305236e-01 6.627420350339687047e+02
3.587895346431287935e-01 6.374854120525147891e+02
3.653169392908166557e-01 6.143340967119155493e+02
3.719630960405611586e-01 5.931249394980677607e+02
3.787301653316944572e-01 5.732699259084595269e+02
3.856203469081013746e-01 5.540945464676841539e+02
3.926358805332800794e-01 5.349543375107405154e+02
3.997790467184118013e-01 5.156722017127856361e+02
4.070521674636797815e-01 4.963448167742873807e+02
4.144576070130712719e-01 4.773609234126303704e+02
4.219977726229114934e-01 4.591577647434128835e+02
4.296751153443834070e-01 4.419559263648781666e+02
4.374921308202791015e-01 4.258335301218787663e+02
4.454513600962493047e-01 4.105702507807085340e+02
4.535553904468090924e-01 3.958745337454209903e+02
4.618068562163753499e-01 3.815020531511094077e+02
4.702084396756012197e-01 3.672820012678781723e+02
4.787628718932894767e-01 3.533233149968483531e+02
4.874729336241730993e-01 3.398235805584226341e+02
4.963414562128421470e-01 3.269137797024280871e+02
5.053713225141164278e-01 3.146741399699086514e+02
5.145654678301662122e-01 3.030163675900519138e+02
5.239268808646776465e-01 2.917307535712866411e+02
5.334586046943771143e-01 2.807130740159964830e+02
5.431637377582348991e-01 2.700042951706690246e+02
5.530454348646605123e-01 2.596507169684817313e+02
5.631069082170223616e-01 2.496908288664982365e+02
5.733514284578283826e-01 2.401531690033791051e+02
5.837823257318991432e-01 2.310086954349481516e+02
5.944029907688848091e-01 2.221858152228446954e+02
6.052168759854743563e-01 2.136331300038185077e+02
6.162274966076619620e-01 2.053630283226819984e+02
6.274384318134254013e-01 1.974011845974915218e+02
6.388533258961933692e-01 1.897559980713357959e+02
6.504758894494848676e-01 1.824039526147191168e+02
6.623099005730950228e-01 1.753194188064697983e+02
6.743592061012246841e-01 1.684840923161569322e+02
6.866277228529591437e-01 1.618942030774845477e+02
6.991194389054908864e-01 1.555477512510423423e+02
7.118384148905058106e-01 1.494416079733861977e+02
7.247887853141601333e-01 1.435677981922744095e+02
7.379747599010648695e-01 1.379160391809767532e+02
7.514006249627259715e-01 1.324765916752139105e+02
7.650707447908745573e-01 1.272403885993413155e+02
7.789895630761547451e-01 1.222000394202605946e+02
7.931616043526137361e-01 1.173490698607100029e+02
8.075914754684712094e-01 1.126811727681834014e+02
8.222838670836538633e-01 1.081901993815612713e+02
8.372435551945670573e-01 1.038701294999733307e+02
8.524754026866058210e-01 9.971493890095428014e+01
8.679843609149188177e-01 9.571873127286941951e+01
8.837754713139223117e-01 9.187580132358246487e+01
8.998538670360967107e-01 8.818062964073894250e+01
9.162247746206046983e-01 8.462787754984370281e+01
9.328935156922580907e-01 8.121238102808061399e+01
9.498655086913979639e-01 7.792913002895831198e+01
9.671462706352423888e-01 7.477326974811420257e+01
9.847414189112857485e-01 7.174011095390056880e+01
1.002656673103317075e+00 6.882512532624288326e+01
1.020897856850663477e+00 6.602394046050841325e+01
1.039470899741254284e+00 6.333233500339360944e+01
1.058381839239129318e+00 6.074623391835181252e+01
1.077636822647020098e+00 5.826170387808161877e+01
1.097242109104616281e+00 5.587495015232710927e+01
1.117204071623204564e+00 5.358231853027132985e+01
1.137529199157325532e+00 5.138028472976964878e+01
1.158224098714097927e+00 4.926544716295845916e+01
1.179295497500937762e+00 4.723452310520278274e+01
1.200750245112352843e+00 4.528434496760203842e+01
1.222595315756498158e+00 4.341185666630090623e+01
1.244837810522259947e+00 4.161411008703736769e+01
1.267484959687586565e+00 3.988826164334520286e+01
1.290544125069789771e+00 3.823156892680433572e+01
1.314022802418629343e+00 3.664138744771364031e+01
1.337928623852933541e+00 3.511516742997558538e+01
1.362269360341522129e+00 3.365044884440939654e+01
1.387052924229306816e+00 3.224485783307784459e+01
1.412287371809304970e+00 3.089610682778855377e+01
1.437980905941474319e+00 2.960199190692382132e+01
1.464141878719193102e+00 2.836038996790181343e+01
1.490778794184223655e+00 2.716925598448087342e+01
1.517900311091094689e+00 2.602662034685117831e+01
1.545515245721778452e+00 2.493058628248898501e+01
1.573632574751544055e+00 2.387932735577489396e+01
1.602261438166979080e+00 2.287108504440424284e+01
1.631411142237097822e+00 2.190416639064873294e+01
1.661091162538472332e+00 2.097694172555853598e+01
1.691311147035430507e+00 2.008784243663283320e+01
1.722080919216290917e+00 1.923535854628907771e+01
1.753410481286623579e+00 1.841803681378652868e+01
1.785310017420636663e+00 1.763447895934426768e+01
1.817789897071716787e+00 1.688333972037035480e+01
1.850860678343162258e+00 1.616332496644029604e+01
1.884533111420275020e+00 1.547318987538648649e+01
1.918818142064890653e+00 1.481173716879245994e+01
1.953726915173450651e+00 1.417781540522033623e+01
1.989270778399840234e+00 1.357031732953278969e+01
2.025461285844135872e+00 1.298817827670778868e+01
2.062310201808426502e+00 1.243037462857862074e+01
2.099829504620999376e+00 1.189592232196454802e+01
2.138031390530099607e+00 1.138387534201657658e+01
2.176928277668485734e+00 1.089332405606958609e+01
2.216532810090176664e+00 1.042339415788675439e+01
2.256857861880572358e+00 9.973245495886137846e+00
2.297916541341392893e+00 9.542070807626767959e+00
2.339722195251757952e+00 9.129094497788731388e+00
2.382288413206739008e+00 8.733571458435987367e+00
2.425629032034890553e+00 8.354785930243542325e+00
2.469758140296145932e+00 7.992050403407145787e+00
2.514690082861498865e+00 7.644704556986388511e+00
2.560439465576048956e+00 7.312114235464676426e+00
2.607021160006877558e+00 6.993670461343070244e+00
2.654450308277259918e+00 6.688788482479606223e+00
2.702742327988867821e+00 6.396906736087266232e+00
2.751912917233522826e+00 6.117485781788201571e+00
2.801978059696081491e+00 5.850007765731926490e+00
2.852954029850200968e+00 5.593975651866785803e+00
2.904857398248635203e+00 5.348912419315286826e+00
2.957705036909722196e+00 5.114360289064235232e+00
3.011514124801920822e+00 4.889879978974644992e+00
3.066302153428126953e+00 4.675049986147106651e+00
3.122086932511527912e+00 4.469465895707985581e+00
3.178886595784957247e+00 4.272739715109733716e+00
3.236719606885571920e+00 4.084499233067532487e+00
3.295604765356715760e+00 3.904387402281453312e+00
3.355561212759026635e+00 3.732061745620234738e+00
3.416608438892731137e+00 3.567193809950562677e+00
3.478766288133063878e+00 3.409468622344425270e+00
3.542054965881055395e+00 3.258584118491328674e+00
3.606495045131572041e+00 3.114250630144351106e+00
3.672107473160914903e+00 2.976190395290821744e+00
3.738913578336090726e+00 2.844137086757722255e+00
3.806935077047892690e+00 2.717835358602102236e+00
3.876194080770182016e+00 2.597040409657190629e+00
3.946713103247599275e+00 2.481517563625726730e+00
4.018515067813969388e+00 2.371041865131538806e+00
4.091623314843920944e+00 2.265397691159342308e+00
4.166061609340070859e+00 2.164378377331659831e+00
4.241854148658170232e+00 2.067785849898912343e+00
4.319025570372864387e+00 1.975430153243668219e+00
4.397600960286556671e+00 1.887129170698991665e+00
4.477605860583897091e+00 1.802708426580151624e+00
4.559066278134701555e+00 1.722000777922724657e+00
4.642008692947928949e+00 1.644846114805615933e+00
4.726460066779375246e+00 1.571091072516705323e+00
4.812447851896049400e+00 1.500588755111892159e+00
4.900000000000001243e+00 1.433198469934718222e+00
