# k[h/Mpc]    Pk[Mpc^3/h^3] (CDM+baryons, z=0, sum m_nu = 0.3 eV)
1.000000000000000048e-04 4.456222279644587161e+02
1.018192851288654056e-04 4.534145500654712464e+02
1.036716682415320324e-04 4.613430116352745927e+02
1.055577514846969182e-04 4.694099853509350169e+02
1.074781479598227148e-04 4.776178845634609615e+02
1.094334819224358437e-04 4.859691630541050813e+02
1.114243889850503427e-04 4.944663168375821556e+02
1.134515163237845173e-04 5.031118851220355168e+02
1.155155228887354377e-04 5.119084510500572378e+02
1.176170796181814416e-04 5.208586424522784455e+02
1.197568696566808123e-04 5.299651326137339993e+02
1.219355885771395451e-04 5.392306410532203245e+02
1.241539446069180779e-04 5.486579343158527990e+02
1.264126588580515400e-04 5.582498267790593900e+02
1.287124655616594384e-04 5.680091814722115942e+02
1.310541123066188615e-04 5.779389109101566646e+02
1.334383602825797493e-04 5.880419779100554933e+02
1.358659845274025704e-04 5.983213948687447328e+02
1.383377741790963323e-04 6.087802237396349483e+02
1.408545327323400568e-04 6.194215789574720930e+02
1.434170782996723684e-04 6.302486285125409040e+02
1.460262438774317321e-04 6.412645948589018872e+02
1.486828776165345905e-04 6.524727558377499008e+02
1.513878430981813628e-04 6.638764456161351291e+02
1.541420196145766618e-04 6.754790556412756359e+02
1.569463024547576211e-04 6.872840356107490152e+02
1.598016031956211612e-04 6.992948944587823235e+02
1.627088499982476107e-04 7.115152013589342914e+02
1.656689879096138421e-04 7.239485867434148076e+02
1.686829791697952625e-04 7.365987430771367599e+02
1.717518035247584925e-04 7.494694218980306459e+02
1.748764585448427458e-04 7.625644353684218686e+02
1.780579599490355648e-04 7.758876604850225931e+02
1.812973419351494885e-04 7.894430402536537486e+02
1.845956575160039546e-04 8.032345847882030512e+02
1.879539788617241337e-04 8.172663724273074877e+02
1.913733976482663102e-04 8.315425508690301513e+02
1.948550254122856829e-04 8.460673383238107590e+02
1.983999939124585297e-04 8.608450246859842991e+02
2.020094554973777819e-04 8.758799727241115534e+02
2.056845834801435461e-04 8.911766192904800619e+02
2.094265725197667807e-04 9.067394765499878986e+02
2.132366390095114320e-04 9.225731318997096650e+02
2.171160214723039149e-04 9.386822408744264976e+02
2.210659809633339990e-04 9.550715331352894282e+02
2.250878014799803737e-04 9.717458176591060237e+02
2.291827903791957422e-04 9.887099840375902886e+02
2.333522788024834985e-04 1.005969003780242701e+03
2.375976221086056330e-04 1.023527931637176039e+03
2.419202003141653350e-04 1.041391906942141304e+03
2.463214185422023359e-04 1.059566154976069583e+03
2.508027074789512386e-04 1.078055988351354245e+03
2.553655238389076002e-04 1.096866808417245238e+03
2.600113508383580818e-04 1.116004106686609020e+03
2.647416986775227160e-04 1.135473466283994412e+03
2.695581050314685314e-04 1.155280558296853314e+03
2.744621355499574371e-04 1.175431129618166779e+03
2.794553843663845458e-04 1.195931017436726279e+03
2.845394746159758551e-04 1.216786154552263270e+03
2.897160589634161019e-04 1.238002570850170059e+03
2.949868201400724570e-04 1.259586394796810964e+03
3.003534714909940903e-04 1.281543854955618599e+03
3.058177575318607564e-04 1.303881281524326596e+03
3.113814545160675839e-04 1.326605107893461081e+03
3.170463710121235027e-04 1.349721872226410369e+03
3.228143484915545593e-04 1.373238219061286827e+03
3.286872619275051630e-04 1.397160900934819210e+03
3.346670204042274878e-04 1.421496779874680215e+03
3.407555677376585749e-04 1.446252813536206304e+03
3.469548831072907032e-04 1.471436042149638070e+03
3.532669816995344099e-04 1.497053614266601471e+03
3.596939153627857458e-04 1.523112791343050503e+03
3.662377732744146039e-04 1.549620949349313605e+03
3.729006826198842401e-04 1.576585580398919546e+03
3.796848092842254412e-04 1.604014294396260084e+03
3.865923585560943217e-04 1.631914820703361329e+03
3.936255758446357959e-04 1.660295009825667194e+03
4.007867474093881042e-04 1.689162835117127543e+03
4.080782011034704971e-04 1.718526394504589689e+03
4.155023071302878300e-04 1.748393912231655122e+03
4.230614788140018689e-04 1.778773738988543755e+03
4.307581733840231200e-04 1.809674316745899887e+03
4.385948927737709220e-04 1.841104177073099663e+03
4.465741844339673225e-04 1.873071977641697003e+03
4.546986421607269535e-04 1.905586505455057704e+03
4.629709069387099988e-04 1.938656678458045008e+03
4.713936677996192776e-04 1.972291547158559752e+03
4.799696626963114669e-04 2.006500296260902360e+03
4.887016793928109122e-04 2.041292246310714745e+03
4.975925563705199022e-04 2.076676855351463473e+03
5.066451837509105497e-04 2.112663720592230675e+03
5.158625042350036471e-04 2.149262580086666730e+03
5.252475140599437630e-04 2.186483314422979220e+03
5.348032639729722064e-04 2.224335940351620593e+03
5.445328602231193230e-04 2.262830542851902010e+03
5.544394655709439885e-04 2.301977305647672438e+03
5.645263003166376423e-04 2.341786552268637024e+03
5.747966433468323271e-04 2.382268747825242826e+03
5.852538332004588112e-04 2.423434500363010557e+03
5.959012691539901374e-04 2.465294562213940026e+03
6.067424123264289265e-04 2.507859831344340364e+03
6.177807868044028370e-04 2.551141352698753053e+03
6.290199807877237988e-04 2.595150319539120574e+03
6.404636477557869127e-04 2.639898074778780028e+03
6.521155076551968374e-04 2.685396112310701028e+03
6.639793481089937589e-04 2.731656078329127467e+03
6.760590256478781488e-04 2.778689741276446512e+03
6.883584669638424022e-04 2.826508876696575044e+03
7.008816701866015138e-04 2.875125361826399057e+03
7.136327061832506164e-04 2.924551215723231053e+03
7.266157198815622470e-04 2.974798599900968838e+03
7.398349316173659113e-04 3.025879818933183287e+03
7.532946385064322441e-04 3.077807321025057718e+03
7.669992158413210326e-04 3.130593698552982460e+03
7.809531185136364337e-04 3.184251688570528586e+03
7.951608824621657834e-04 3.238794173279767165e+03
8.096271261473557369e-04 3.294234180466422458e+03
8.243565520526149317e-04 3.350584883897819964e+03
8.393539482129358346e-04 3.407859603326217893e+03
8.546241897713193272e-04 3.466071710993393026e+03
8.701722405635155082e-04 3.525234496579808820e+03
8.860031547316025383e-04 3.585361342772289845e+03
9.021220783669138630e-04 3.646465754603334972e+03
9.185342511828547196e-04 3.708561358593889963e+03
9.352450082181596814e-04 3.771661901821375523e+03
9.522597815711297603e-04 3.835781250911033567e+03
9.695841021654195762e-04 3.900933390948684064e+03
9.872236015479583272e-04 3.967132424312943840e+03
1.005184013719570731e-03 4.034392569424975591e+03
1.023471176998903354e-03 4.102728159413804860e+03
1.042091035920268260e-03 4.172153640695250942e+03
1.061049643166006237e-03 4.242683562246017573e+03
1.080353161534003880e-03 4.314332245444573346e+03
1.100007865941020346e-03 4.387113666758037652e+03
1.120020145462436367e-03 4.461041828345449176e+03
1.140396505409130030e-03 4.536130779926313153e+03
1.161143569442140474e-03 4.612394614589078628e+03
1.182268081725779563e-03 4.689847464444655998e+03
1.203776909119937686e-03 4.768503496122548313e+03
1.225677043412273662e-03 4.848376906107223476e+03
1.247975603590990466e-03 4.929481915912206205e+03
1.270679838158989732e-03 5.011832767089789741e+03
1.293797127490108707e-03 5.095443716073667929e+03
1.317334986228223953e-03 5.180329028852662304e+03
1.341301065730015436e-03 5.266502942638370769e+03
1.365703156552156234e-03 5.353979265952449168e+03
1.390549190983755108e-03 5.442771471847730936e+03
1.415847245624880920e-03 5.532892962615539545e+03
1.441605544011986383e-03 5.624357067267140337e+03
1.467832459291095685e-03 5.717177033197409401e+03
1.494536516939638099e-03 5.811366017626794019e+03
1.521726397537785614e-03 5.906937078820298666e+03
1.549410939590209870e-03 6.003903167082237815e+03
1.577599142399188420e-03 6.102277115525760564e+03
1.606300168989966727e-03 6.202071630616286711e+03
1.635523349089341256e-03 6.303299282487973869e+03
1.665278182158445083e-03 6.405972495033048290e+03
1.695574340480695760e-03 6.510103357284282538e+03
1.726421672305918737e-03 6.615702706695675261e+03
1.757830205051689977e-03 6.722780722223917110e+03
1.789810148562901533e-03 6.831347283928307661e+03
1.822371898430628434e-03 6.941411958732307539e+03
1.855526039371401025e-03 7.052983985333757118e+03
1.889283348667912315e-03 7.166072258841630173e+03
1.923654799672356013e-03 7.280685315143714433e+03
1.958651565373502844e-03 7.396831315009368154e+03
1.994285022028632545e-03 7.514518027932148470e+03
2.030566752861590052e-03 7.633752815717601152e+03
2.067508551828088018e-03 7.754542615822275366e+03
2.105122427449517258e-03 7.876893924193559542e+03
2.143420606716516918e-03 8.000812427233076050e+03
2.182415539063549490e-03 8.126302251932048421e+03
2.222119900415780395e-03 8.253366743081025561e+03
2.262546597309603950e-03 8.382008629969219328e+03
2.303708771088110261e-03 8.512230005226627327e+03
2.345619802172884284e-03 8.644032303464491633e+03
2.388293314413537840e-03 8.777416279728702648e+03
2.431743179516352837e-03 8.912381987781489443e+03
2.475983521553492845e-03 9.048928758227521030e+03
2.521028721554273606e-03 9.187055176501586175e+03
2.566893422179938791e-03 9.326759060735563253e+03
2.613592532483482739e-03 9.468037439523464855e+03
2.661141232756091858e-03 9.610886523289558681e+03
2.709554979461731641e-03 9.755301288290726006e+03
2.758849510261511279e-03 9.901275192348441124e+03
2.809040849129475128e-03 1.004880069452535099e+04
2.860145311561445615e-03 1.019786928441522832e+04
2.912179509878621078e-03 1.034847145803734566e+04
2.965160358627711400e-03 1.050059669380892774e+04
3.019105080079240774e-03 1.065423342862546997e+04
3.074031209825939682e-03 1.080936903407949649e+04
3.129956602482987689e-03 1.096598979285024507e+04
3.186899437491901629e-03 1.112408087529632212e+04
3.244878225030087531e-03 1.128362631628612871e+04
3.303911812027855201e-03 1.144460899230050927e+04
3.364019388294905554e-03 1.160701058308933170e+04
3.425220492758303866e-03 1.177081127893807570e+04
3.487535019813910002e-03 1.193598977861882304e+04
3.550983225793357713e-03 1.210252349489491462e+04
3.615585735548721910e-03 1.227038854075824383e+04
3.681363549156942572e-03 1.243955970835364860e+04
3.748338048746226604e-03 1.261001044847222511e+04
3.816531005446670635e-03 1.278171285065881966e+04
3.885964586467303538e-03 1.295463762397767823e+04
3.956661362301879675e-03 1.312875407848342729e+04
4.028644314065801639e-03 1.330403010744314815e+04
4.101936840966486156e-03 1.348043217035773705e+04
4.176562767909641240e-03 1.365792527683000480e+04
4.252546353243950861e-03 1.383647287205124667e+04
4.329912296646630868e-03 1.401603613761124689e+04
4.408685747152437870e-03 1.419657434866042240e+04
4.488892311328791275e-03 1.437804520848954962e+04
4.570558061599583680e-03 1.456040483860744462e+04
4.653709544720419609e-03 1.474360776804661691e+04
4.738373790408112810e-03 1.492760692395052683e+04
4.824578320127069324e-03 1.511235362349846218e+04
4.912351156035600803e-03 1.529779756722311868e+04
5.001720830095009521e-03 1.548388683377714551e+04
5.092716393344296974e-03 1.567056787620354407e+04
5.185367425343695783e-03 1.585778551976546260e+04
5.279704043790010327e-03 1.604548296138811202e+04
5.375756914306787163e-03 1.623360096797122242e+04
5.473557260412724793e-03 1.642207553085388645e+04
5.573136873671352513e-03 1.661084008620616805e+04
5.674528124025369699e-03 1.679982624138035681e+04
5.777763970319049064e-03 1.698896378296080729e+04
5.882877971012012881e-03 1.717818068714255060e+04
5.989904295087934011e-03 1.736740313250501276e+04
6.098877733161739596e-03 1.755655551524360635e+04
6.209833708788841528e-03 1.774556046692145173e+04
6.322808289980108576e-03 1.793433887480137855e+04
6.437838200926385319e-03 1.812280990481504341e+04
6.554960833936262360e-03 1.831089102722457028e+04
6.674214261591017439e-03 1.849849801454904446e+04
6.795637249120757215e-03 1.868554099562972624e+04
6.919269267005656761e-03 1.887192032017365636e+04
7.045150503806445370e-03 1.905753334530732536e+04
7.173321879228382672e-03 1.924227539676112065e+04
7.303825057422841556e-03 1.942603981908511560e+04
7.436702460530880687e-03 1.960871803027373971e+04
7.571997282473287398e-03 1.979019958086562838e+04
7.709753502991424298e-03 1.997037221757850784e+04
7.850015901943519989e-03 2.014912195153011635e+04
7.992830073861156154e-03 2.032633313109209485e+04
8.138242442770402332e-03 2.050188851941121902e+04
8.286300277282729679e-03 2.067566937662834607e+04
8.437051705960476808e-03 2.084755522219031627e+04
8.590545732961701528e-03 2.101741560013751587e+04
8.746832253969855087e-03 2.118510915792114247e+04
8.905962072413141362e-03 2.135049237838621411e+04
9.067986915978947307e-03 2.151342016130123011e+04
9.232959453428814245e-03 2.167374595841967675e+04
9.400933311719227026e-03 2.183132191563222295e+04
9.571963093433890138e-03 2.198599902218321586e+04
9.746104394533217086e-03 2.213762726690091586e+04
9.923413822426669154e-03 2.228605580137632569e+04
1.010394901437385203e-02 2.243113311000170143e+04
1.028776865622049903e-02 2.257270718675932585e+04
1.047493250147520615e-02 2.271062571863075937e+04
1.066550139073323480e-02 2.284473453118198086e+04
1.085953727145377856e-02 2.297486138856135585e+04
1.105710321809694544e-02 2.310082316977735536e+04
1.125826345262708091e-02 2.322243648150627268e+04
1.146308336538921606e-02 2.333951806932915497e+04
1.167162953636518598e-02 2.345188510253891582e+04
1.188396975681655331e-02 2.355935546838793016e+04
1.210017305132118047e-02 2.366174807538849200e+04
1.232030970021084568e-02 2.375888316523216781e+04
1.254445126241695782e-02 2.385058263285006979e+04
1.277267059873187817e-02 2.393667035408659649e+04
1.300504189549357356e-02 2.401697252041706452e+04
1.324164068870101706e-02 2.409131798008927217e+04
1.348254388856834698e-02 2.415953435476168306e+04
1.372782980452582312e-02 2.422143156270588952e+04
1.397757817067552845e-02 2.427681649726548858e+04
1.423187017171016755e-02 2.432549991443717590e+04
1.449078846930352236e-02 2.436729688867177902e+04
1.475441722898090599e-02 2.440202727275477810e+04
1.502284214747852745e-02 2.442951616248862410e+04
1.529615048060052954e-02 2.444959436493306930e+04
1.557443107158297015e-02 2.446209886889233530e+04
1.585777437997368949e-02 2.446687331627136155e+04
1.614627251103758002e-02 2.446376847286597695e+04
1.644001924569696987e-02 2.445264269708767461e+04
1.673911007101656218e-02 2.443336239506560014e+04
1.704364221124297918e-02 2.440579856176713656e+04
1.735371465940915153e-02 2.436982131496953298e+04
1.766942820951353937e-02 2.432530877134024558e+04
1.799088548928476708e-02 2.427214906833750865e+04
1.831819099354253105e-02 2.421024084195431715e+04
1.865145111816521317e-02 2.413949369161632421e+04
1.899077419467561437e-02 2.405982863019888100e+04
1.933627052545575792e-02 2.397117851710918694e+04
1.968805241960255858e-02 2.387348847236975053e+04
2.004623422943563674e-02 2.376671626963647213e+04
2.041093238766928872e-02 2.365083270609479951e+04
2.078226544526092998e-02 2.352582194719561085e+04
2.116035410994791810e-02 2.339168232030508807e+04
2.154532128548546088e-02 2.324844610515428940e+04
2.193729211159857126e-02 2.309618602938879849e+04
2.233639400466067362e-02 2.293498978728793008e+04
2.274275669911225012e-02 2.276495811852670158e+04
2.315651228963324162e-02 2.258620477728858896e+04
2.357779527408245326e-02 2.239885646852241916e+04
2.400674259721816833e-02 2.220305275089931092e+04
2.444349369521435500e-02 2.199894590613447508e+04
2.488819054098654476e-02 2.178670077446016876e+04
2.534097769034242970e-02 2.156649455615549596e+04
2.580200232897193052e-02 2.133851657916590193e+04
2.627141432029242440e-02 2.110296803297044971e+04
2.674936625416414818e-02 2.086007388544232163e+04
2.723601349649189957e-02 2.061023994052395574e+04
2.773151423972935320e-02 2.035399808462685178e+04
2.823602955430197167e-02 2.009187747852135362e+04
2.874972344096543217e-02 1.982440025237553346e+04
2.927276288411684996e-02 1.955208031439279512e+04
2.980531790607564985e-02 1.927542224788467865e+04
3.034756162235194635e-02 1.899492029706867106e+04
3.089967029792066097e-02 1.871105744137759029e+04
3.146182340451917497e-02 1.842430455759555116e+04
3.203420367898752313e-02 1.813511966870153265e+04
3.261699718266979769e-02 1.784394727790051184e+04
3.321039336189655911e-02 1.755121778595938667e+04
3.381458510956728697e-02 1.725739931596479073e+04
3.442976882785318132e-02 1.696324167164288156e+04
3.505614449204105115e-02 1.666956164986765725e+04
3.569391571553836434e-02 1.637712875728610015e+04
3.634328981606090719e-02 1.608666529555967099e+04
3.700447788302495961e-02 1.579884693159489689e+04
3.767769484616516340e-02 1.551430356510872298e+04
3.836315954540073236e-02 1.523362046140958591e+04
3.906109480197312439e-02 1.495733961833637477e+04
3.977172749087744263e-02 1.468596133763712169e+04
4.049528861461189344e-02 1.441994597264047115e+04
4.123201337826865737e-02 1.415971582582683004e+04
4.198214126599129209e-02 1.390565821193361990e+04
4.274591611882278680e-02 1.365813214152247019e+04
4.352358621396981014e-02 1.341746638550259013e+04
4.431540434550947788e-02 1.318395972841843650e+04
4.512162790656396028e-02 1.295788333586193039e+04
4.594251897297006032e-02 1.273948316084419275e+04
4.677834438847147669e-02 1.252898237491453256e+04
4.762937585146043151e-02 1.232658381391825606e+04
4.849589000329746630e-02 1.213245921905086652e+04
4.937816851823838976e-02 1.194650105599465132e+04
5.027649819499679928e-02 1.176836216282308123e+04
5.119117104997271406e-02 1.159770426302988926e+04
5.212248441217692818e-02 1.143420656745443193e+04
5.307074101988284998e-02 1.127756439773832790e+04
5.403624911903631006e-02 1.112735807918248429e+04
5.501932256345561101e-02 1.098286321994098762e+04
5.602028091685504890e-02 1.084334151484439280e+04
5.703944955672407557e-02 1.070809051790317426e+04
5.807715978009624774e-02 1.057635370220740333e+04
5.913374891124294208e-02 1.044713776755979234e+04
6.020956041132585757e-02 1.031944316549832365e+04
6.130494399004434575e-02 1.019230431302017496e+04
6.242025571931449079e-02 1.006465288409312416e+04
6.355585814901575092e-02 9.935381851487092717e+03
6.471212042484364435e-02 9.803438345916034450e+03
6.588941840830631058e-02 9.667776760708624352e+03
6.708813479890453346e-02 9.527386598822115047e+03
6.830865925853425724e-02 9.381342096070609841e+03
6.955138853815211186e-02 9.228839234910530649e+03
7.081672660674612207e-02 9.069173188938946623e+03
7.210508478265199861e-02 8.901818959284590164e+03
7.341688186725858767e-02 8.726452240098093171e+03
7.475254428114630478e-02 8.542902493944442540e+03
7.611250620270181011e-02 8.351309017062319981e+03
7.749720970925433328e-02 8.151959602523517788e+03
7.890710492078044369e-02 7.945471556068846439e+03
8.034265014622242462e-02 7.732647042779191906e+03
8.180431203246910088e-02 7.514566197603100591e+03
8.329256571604647108e-02 7.292525180770659972e+03
8.480789497756895112e-02 7.067990773001538400e+03
8.635079239899974557e-02 6.842615770973362487e+03
8.792175952377219439e-02 6.618125801721874268e+03
8.952130701982498329e-02 6.396376286267272917e+03
9.114995484560270422e-02 6.179173901040854616e+03
9.280823241907629195e-02 5.968328773728587294e+03
9.449667878983940283e-02 5.765501866328103461e+03
9.621584281433476216e-02 5.572238244494363244e+03
9.796628333426847524e-02 5.389842995348287332e+03
9.974856935827097759e-02 5.219389424067129767e+03
1.015632802468619950e-01 5.061627665498987881e+03
1.034110059007811722e-01 4.916990131969690083e+03
1.052923469527442119e-01 4.785541985497281530e+03
1.072079149626888606e-01 4.667021384115141700e+03
1.091583326165718459e-01 4.560741971657314934e+03
1.111442339287825876e-01 4.465704997245757113e+03
1.131662644482403085e-01 4.380480823266811058e+03
1.152250814682397734e-01 4.303398540684174804e+03
1.173213542401145143e-01 4.232417846035359617e+03
1.194557641907884188e-01 4.165369352444152355e+03
1.216290051442840969e-01 4.099898336106712122e+03
1.238417835472609974e-01 4.033672380185737438e+03
1.260948186986580177e-01 3.964404910860355812e+03
1.283888429835126355e-01 3.890071663863501726e+03
1.307246021110340384e-01 3.809030252406761974e+03
1.331028553570085537e-01 3.720153606190418031e+03
1.355243758106138563e-01 3.622880490898027347e+03
1.379899506257241670e-01 3.517383533204642845e+03
1.405003812767867122e-01 3.404432192180859147e+03
1.430564838193544852e-01 3.285546607483643129e+03
1.456590891553579126e-01 3.162651838738661809e+03
1.483090433032021316e-01 3.038210770045935988e+03
1.510072076727798640e-01 2.914770811244829474e+03
1.537544593454858166e-01 2.795004464617851681e+03
1.565516913593256454e-01 2.681311427931293565e+03
1.593998129992131307e-01 2.575789847763389844e+03
1.622997500925472680e-01 2.479936283107544568e+03
1.652524453101666957e-01 2.394681986083448919e+03
1.682588584727810199e-01 2.320142972168629512e+03
1.713199668629750150e-01 2.255850647582624333e+03
1.744367655428904484e-01 2.200431498516360534e+03
1.776102676776860900e-01 2.152117971483688962e+03
1.808415048648842893e-01 2.108679093572713100e+03
1.841315274697077342e-01 2.067715951608272917e+03
1.874814049665168569e-01 2.026543266696457067e+03
1.908922262864606312e-01 1.982727306707100752e+03
1.943651001714505333e-01 1.934251187393886994e+03
1.979011555345740747e-01 1.880077441582865049e+03
2.015015418270673930e-01 1.820110876042440623e+03
2.051674294119619768e-01 1.755264739823411674e+03
2.089000099445292302e-01 1.687074740160231840e+03
2.127004967596484164e-01 1.617755035171970576e+03
2.165701252662195486e-01 1.549602331013621551e+03
2.205101533487533183e-01 1.484863225627393604e+03
2.245218617762654856e-01 1.425312204093839000e+03
2.286065546186128450e-01 1.372090282767921963e+03
2.327655596704011065e-01 1.325563120333743200e+03
2.370002288826050518e-01 1.285308500176611005e+03
2.413119388020432687e-01 1.250164528921202418e+03
2.457020910188459084e-01 1.218453477225164079e+03
2.501721126220631253e-01 1.188206886216583371e+03
2.547234566635647179e-01 1.157482388379660279e+03
2.593576026303771598e-01 1.124814061190985058e+03
2.640760569256134782e-01 1.089297228737456180e+03
2.688803533581552996e-01 1.051028493556333160e+03
2.737720536412410199e-01 1.010756365773646849e+03
2.787527479001258301e-01 9.699748491533032393e+02
2.838240551889765206e-01 9.302653634633841193e+02
2.889876240171723176e-01 8.931619818974450027e+02
2.942451328851785064e-01 8.595419202740977198e+02
2.995982908301688674e-01 8.297347094522081079e+02
3.050488379815770590e-01 8.032018672212836918e+02
3.105985461267529724e-01 7.790021807077397398e+02
3.162492192869091334e-01 7.558529745946417506e+02
3.220026943035488309e-01 7.325874568633570334e+02
3.278608414355596024e-01 7.084709517570520347e+02
3.338255649671697523e-01 6.832600233929939577e+02
3.398988038269684098e-01 6.573959439573494592e+02
3.460825322181838581e-01 6.316095146268844474e+02
3.523787602604305236e-01 6.068568308469640442e+02
3.587895346431287935e-01 5.837769259454228177e+02
3.653169392908166557e-01 5.626914866679561555e+02
3.719630960405611586e-01 5.433534718786387430e+02
3.787301653316944572e-01 5.251942109069390199e+02
3.856203469081013746e-01 5.075682174319406954e+02
3.926358805332800794e-01 4.899074757651752066e+02
3.997790467184118013e-01 4.721070293871950980e+02
4.070521674636797815e-01 4.542859900166747593e+02
4.144576070130712719e-01 4.368422150797536005e+02
4.219977726229114934e-01 4.201675757283450707e+02
4.296751153443834070e-01 4.044444148426401853e+02
4.374921308202791015e-01 3.897165294995184581e+02
4.454513600962493047e-01 3.757475657771691999e+02
4.535553904468090924e-01 3.622676622882152628e+02
4.618068562163753499e-01 3.490541417288497428e+02
4.702084396756012197e-01 3.359709064812802239e+02
4.787628718932894767e-01 3.231522830540612858e+02
4.874729336241730993e-01 3.107810747040877573e+02
4.963414562128421470e-01 2.989704216227936513e+02
5.053713225141164278e-01 2.877836046069679128e+02
5.145654678301662122e-01 2.771105600405273890e+02
5.239268808646776465e-01 2.667567863153016106e+02
5.334586046943771143e-01 2.566476006092435682e+02
5.431637377582348991e-01 2.468287696630102346e+02
5.530454348646605123e-01 2.373442536369214224e+02
5.631069082170223616e-01 2.282280987652591193e+02
5.733514284578283826e-01 2.195028095766351441e+02
5.837823257318991432e-01 2.111323209856734309e+02
5.944029907688848091e-01 2.030500784174932392e+02
6.052168759854743563e-01 1.952142481958818223e+02
6.162274966076619620e-01 1.876415251879056427e+02
6.274384318134254013e-01 1.803555985540706104e+02
6.388533258961933692e-01 1.733606350337689435e+02
6.504758894494848676e-01 1.666331469137771251e+02
6.623099005730950228e-01 1.601493835958297893e+02
6.743592061012246841e-01 1.538938414598662803e+02
6.866277228529591437e-01 1.478639098094630242e+02
6.991194389054908864e-01 1.420578399353487669e+02
7.118384148905058106e-01 1.364725969546769306e+02
7.247887853141601333e-01 1.311002753479222065e+02
7.379747599010648695e-01 1.259313322154265649e+02
7.514006249627259715e-01 1.209567622736477688e+02
7.650707447908745573e-01 1.161682560916902389e+02
7.789895630761547451e-01 1.115591860567203071e+02
7.931616043526137361e-01 1.071236575911993185e+02
8.075914754684712094e-01 1.028559174917563581e+02
8.222838670836538633e-01 9.875035196529091763e+01
8.372435551945670573e-01 9.480144117671925130e+01
8.524754026866058210e-01 9.100361515863254169e+01
8.679843609149188177e-01 8.735142732048102232e+01
8.837754713139223117e-01 8.383961160658468259e+01
8.998538670360967107e-01 8.046307724370333858e+01
9.162247746206046983e-01 7.721690360519384910e+01
9.328935156922580907e-01 7.409633491431102925e+01
9.498655086913979639e-01 7.109677223185794048e+01
9.671462706352423888e-01 6.821377038095303647e+01
9.847414189112857485e-01 6.544303582970248101e+01
1.002656673103317075e+00 6.278042209644793559e+01
1.020897856850663477e+00 6.022192522190717767e+01
1.039470899741254284e+00 5.776367935791234487e+01
1.058381839239129318e+00 5.540195247076942309e+01
1.077636822647020098e+00 5.313314215724093259e+01
1.097242109104616281e+00 5.095377237066423959e+01
1.117204071623204564e+00 4.886049256816085773e+01
1.137529199157325532e+00 4.685007043032456409e+01
1.158224098714097927e+00 4.491938670321032845e+01
1.179295497500937762e+00 4.306543163930125218e+01
1.200750245112352843e+00 4.128530153271675829e+01
1.222595315756498158e+00 3.957619534622990187e+01
1.244837810522259947e+00 3.793541142849402803e+01
1.267484959687586565e+00 3.636034431987148707e+01
1.290544125069789771e+00 3.484848164524446190e+01
1.314022802418629343e+00 3.339740109217415664e+01
1.337928623852933541e+00 3.200476744556004860e+01
1.362269360341522129e+00 3.066832843805350350e+01
1.387052924229306816e+00 2.938591167429194684e+01
1.412287371809304970e+00 2.815542392780935188e+01
1.437980905941474319e+00 2.697484863161707125e+01
1.464141878719193102e+00 2.584224328331104203e+01
1.490778794184223655e+00 2.475573692809193105e+01
1.517900311091094689e+00 2.371352771781458912e+01
1.545515245721778452e+00 2.271388054420935632e+01
1.573632574751544055e+00 2.175512474444359157e+01
1.602261438166979080e+00 2.083565187721348266e+01
1.631411142237097822e+00 1.995391356758639390e+01
1.661091162538472332e+00 1.910841941883948536e+01
1.691311147035430507e+00 1.829773493610015578e+01
1.722080919216290917e+00 1.752047904826401492e+01
1.753410481286623579e+00 1.677532253693772901e+01
1.785310017420636663e+00 1.606098659581498467e+01
1.817789897071716787e+00 1.537624104200767583e+01
1.850860678343162258e+00 1.471990257937887669e+01
1.884533111420275020e+00 1.409083311862139531e+01
1.918818142064890653e+00 1.348793815247281991e+01
1.953726915173450651e+00 1.291016518449202799e+01
1.989270778399840234e+00 1.235650220985449366e+01
2.025461285844135872e+00 1.182597624665990210e+01
2.062310201808426502e+00 1.131765191627887113e+01
2.099829504620999376e+00 1.083063007129753252e+01
2.138031390530099607e+00 1.036404641310883434e+01
2.176928277668485734e+00 9.917069987301392331e+00
2.216532810090176664e+00 9.488902192498228416e+00
2.256857861880572358e+00 9.078775687154109875e+00
2.297916541341392893e+00 8.685953227717455150e+00
2.339722195251757952e+00 8.309726546973445593e+00
2.382288413206739008e+00 7.949415271383472259e+00
2.425629032034890553e+00 7.604365876195206653e+00
2.469758140296145932e+00 7.273950677131212572e+00
2.514690082861498865e+00 6.957566857495852020e+00
2.560439465576048956e+00 6.654635529570303909e+00
2.607021160006877558e+00 6.364600829197666343e+00
2.654450308277259918e+00 6.086929042371147958e+00
2.702742327988867821e+00 5.821107691855607946e+00
2.751912917233522826e+00 5.566644624108128880e+00
2.801978059696081491e+00 5.323067412320766856e+00
2.852954029850200968e+00 5.089922631629416827e+00
2.904857398248635203e+00 4.866775126562520093e+00
2.957705036909722196e+00 4.653207305210812272e+00
3.011514124801920822e+00 4.448818459214133547e+00
3.066302153428126953e+00 4.253224108689454219e+00
3.122086932511527912e+00 4.066055371250702599e+00
3.178886595784957247e+00 3.886958354296296658e+00
3.236719606885571920e+00 3.715593569766312942e+00
3.295604765356715760e+00 3.551635370595590313e+00
3.355561212759026635e+00 3.394771407697964705e+00
3.416608438892731137e+00 3.244702088347052982e+00
3.478766288133063878e+00 3.101140069335920568e+00
3.542054965881055395e+00 2.963809802538631466e+00
3.606495045131572041e+00 2.832447070558501867e+00
3.672107473160914903e+00 2.706798537567636664e+00
3.738913578336090726e+00 2.586621317136636122e+00
3.806935077047892690e+00 2.471682556450665924e+00
3.876194080770182016e+00 2.361759036327383932e+00
3.946713103247599275e+00 2.256636786471739597e+00
4.018515067813969388e+00 2.156110715421105883e+00
4.091623314843920944e+00 2.059984254651984426e+00
4.166061609340070859e+00 1.968069016337305799e+00
4.241854148658170232e+00 1.880184456964914652e+00
4.319025570372864387e+00 1.796157460641405912e+00
4.397600960286556671e+00 1.715822080743053757e+00
4.477605860583897091e+00 1.639019340204282527e+00
4.559066278134701555e+00 1.565596949282065387e+00
4.642008692947928949e+00 1.495409031980897474e+00
4.726460066779375246e+00 1.428315863301120814e+00
4.812447851896049400e+00 1.364183616899522056e+00
4.900000000000001243e+00 1.302884122766138075e+00
