# k[h/Mpc]    Pk[Mpc^3/h^3] (CDM+baryons, z=0, sum m_nu = 0.2 eV)
1.000000000000000048e-04 2.380389011699558353e+02
1.115258952108197398e-04 2.645500623989283326e+02
1.243802530257475964e-04 2.940100350630959838e+02
1.387161906524478404e-04 3.267482241131765477e+02
1.547044734274899208e-04 3.631247340882247272e+02
1.725355489211928973e-04 4.035404389642685601e+02
1.924218154912624016e-04 4.484388877699513500e+02
2.146001523075424583e-04 4.983134513189014001e+02
2.393347409847693477e-04 5.537090878027639747e+02
2.669202124337607127e-04 6.152185861641667088e+02
2.976851564153737699e-04 6.835033019682878148e+02
3.319960356019749110e-04 7.592816277636867426e+02
3.702615507695343477e-04 8.433496723743729717e+02
4.129375091171870417e-04 9.365630538500495277e+02
4.605322537042036836e-04 1.039860735528177202e+03
5.136127186781772871e-04 1.154252321683672335e+03
5.728111824224663487e-04 1.280840097033539678e+03
6.388327990643373607e-04 1.420794314430268287e+03
7.124639980568402836e-04 1.575357366542336194e+03
7.945818518876893383e-04 1.745872127031418813e+03
8.861645235004552736e-04 1.933726194985542861e+03
9.883029178745779235e-04 2.140380467875734212e+03
1.102213676554276685e-03 2.367306086734105975e+03
1.229253669913247735e-03 2.615966717023095953e+03
1.370936159782604582e-03 2.887738732154447007e+03
1.528948824966383860e-03 3.183939868319138441e+03
1.705173864359070795e-03 3.505713071681482688e+03
1.901710417127384966e-03 3.853874187517980317e+03
2.120899567018730454e-03 4.228993800147285583e+03
2.365352228640039012e-03 4.631174151765319039e+03
2.637980247879881824e-03 5.059954395394061066e+03
2.942031086932642842e-03 5.514326783054279076e+03
3.281126507082240441e-03 5.992601428273348574e+03
3.659305710022969522e-03 6.492239229942687416e+03
4.081073451603764966e-03 7.009862507556875244e+03
4.551453701112203459e-03 7.541034019491710751e+03
5.076049485271372577e-03 8.080134470482865254e+03
5.661109629793106661e-03 8.620313940797412215e+03
6.313603193492691584e-03 9.152941467917918999e+03
7.041302481601635459e-03 9.667967101781641759e+03
7.852875627107890402e-03 1.015325244105006277e+04
8.757989842924349122e-03 1.059479465422584326e+04
9.767426574794057029e-03 1.097651537138905587e+04
1.089320992659859044e-02 1.128122878034481982e+04
1.214874988783295855e-02 1.149025430140930075e+04
1.354900206932916663e-02 1.158496378566203566e+04
1.511064584995185957e-02 1.154639922069710337e+04
1.685228305629541193e-02 1.135850798000694704e+04
1.879465954199475292e-02 1.100957009573696632e+04
2.096091230603540009e-02 1.049617720101399755e+04
2.337684509366088487e-02 9.826731672343252285e+03
2.607123576275192228e-02 9.023847171762477956e+03
2.907617907693246795e-02 8.131311925710858304e+03
3.242746900864999782e-02 7.207342081370634332e+03
3.616502510610808407e-02 6.321904919578554654e+03
4.033336800280479945e-02 5.544666018197494850e+03
4.498214973380237902e-02 4.919447619603084604e+03
5.016674517569447156e-02 4.461039088132732104e+03
5.594891165532404204e-02 4.131007480511113499e+03
6.239752458431086640e-02 3.837184985689896166e+03
6.958939788204403232e-02 3.461623461819826844e+03
7.761019895976883909e-02 2.939597966498792175e+03
8.655546916478060182e-02 2.345566204451838075e+03
9.653176183994670312e-02 1.860776042687310337e+03
1.076579115547770388e-01 1.596705493881207758e+03
1.200664496267376397e-01 1.464220404454049685e+03
1.339051827940672401e-01 1.254482324042780419e+03
1.493389538447681963e-01 9.558964564810722777e+02
1.665516051738506476e-01 7.726790165256262526e+02
1.857481686581269054e-01 6.872846763215352439e+02
2.071573079336795353e-01 5.395274031594382222e+02
2.310340421676708722e-01 4.302621803741847657e+02
2.576627837692376799e-01 3.614891084466921711e+02
2.873607262237611315e-01 2.809960747434564041e+02
3.204816224053627649e-01 2.306030884886789067e+02
3.574199983737402220e-01 1.817234610123421135e+02
3.986158528488111807e-01 1.448559267480385699e+02
4.445598983418805883e-01 1.150996350774649244e+02
4.957994063740929769e-01 9.075320065766855748e+01
5.529447264086378988e-01 7.139009138411711319e+01
6.166765561482513425e-01 5.601474236695717934e+01
6.877540497995908719e-01 4.383017989564472572e+01
7.670238608876615016e-01 3.419775158794442405e+01
8.554302273355580688e-01 2.661104148071335018e+01
9.540262189399315584e-01 2.065633343679875367e+01
1.063986281218693764e+00 1.599614194558714253e+01
1.186620225049460853e+00 1.235936240110845752e+01
1.323388828739054945e+00 9.528924082782712190e+00
1.475921238371213251e+00 7.331679363353436507e+00
1.646034373700112408e+00 5.630112513264380780e+00
1.835754570746860326e+00 4.315421961844017495e+00
2.047341718898981533e+00 3.301857041593527775e+00
2.283316180026673692e+00 2.522078368013581429e+00
2.546488810268240588e+00 1.923345365879721269e+00
2.839994442095014282e+00 1.464482715308344174e+00
3.167329225483990207e+00 1.113448568802323901e+00
3.532392272994943738e+00 8.453556381966291777e-01
3.939532104815434366e+00 6.409458190711366798e-01
4.393598447013062902e+00 4.853339583639732502e-01
4.900000000000001243e+00 3.670442174205051922e-01
