# k[h/Mpc]    Pk[Mpc^3/h^3] (CDM+baryons, z=0, sum m_nu = 0.06 eV)
1.000000000000000048e-04 4.425271282519692591e+02
1.018192851288654056e-04 4.502649924153475922e+02
1.036716682415320324e-04 4.581380262325937451e+02
1.055577514846969182e-04 4.661485845381004083e+02
1.074781479598227148e-04 4.742990626144429598e+02
1.094334819224358437e-04 4.825918956465642395e+02
1.114243889850503427e-04 4.910295605232041112e+02
1.134515163237845173e-04 4.996145769449070713e+02
1.155155228887354377e-04 5.083495081569188869e+02
1.176170796181814416e-04 5.172369616944457675e+02
1.197568696566808123e-04 5.262795901405212362e+02
1.219355885771395451e-04 5.354800918966652716e+02
1.241539446069180779e-04 5.448412119665537148e+02
1.264126588580515400e-04 5.543657427529201414e+02
1.287124655616594384e-04 5.640565248678988155e+02
1.310541123066188615e-04 5.739164479570467847e+02
1.334383602825797493e-04 5.839484515286203532e+02
1.358659845274025704e-04 5.941555244338325110e+02
1.383377741790963323e-04 6.045407040965183114e+02
1.408545327323400568e-04 6.151070797352606405e+02
1.434170782996723684e-04 6.258577935905926779e+02
1.460262438774317321e-04 6.367960418210352600e+02
1.486828776165345905e-04 6.479250754139749233e+02
1.513878430981813628e-04 6.592482011115999967e+02
1.541420196145766618e-04 6.707687823521370092e+02
1.569463024547576211e-04 6.824902402266384343e+02
1.598016031956211612e-04 6.944160544515621041e+02
1.627088499982476107e-04 7.065497643574099129e+02
1.656689879096138421e-04 7.188949698936730783e+02
1.686829791697952625e-04 7.314553325146298448e+02
1.717518035247584925e-04 7.442345723574599106e+02
1.748764585448427458e-04 7.572364684297393751e+02
1.780579599490355648e-04 7.704648636763220111e+02
1.812973419351494885e-04 7.839236662745998956e+02
1.845956575160039546e-04 7.976168507143120223e+02
1.879539788617241337e-04 8.115484588946142139e+02
1.913733976482663102e-04 8.257226012386284992e+02
1.948550254122856829e-04 8.401434578257814110e+02
1.983999939124585297e-04 8.548152795421702876e+02
2.020094554973777819e-04 8.697423892492274717e+02
2.056845834801435461e-04 8.849291829709993635e+02
2.094265725197667807e-04 9.003801311002569037e+02
2.132366390095114320e-04 9.160997787551186775e+02
2.171160214723039149e-04 9.320927381269179932e+02
2.210659809633339990e-04 9.483636926635108466e+02
2.250878014799803737e-04 9.649174039088978816e+02
2.291827903791957422e-04 9.817587128418932707e+02
2.333522788024834985e-04 9.988925411476991485e+02
2.375976221086056330e-04 1.016323892508606832e+03
2.419202003141653350e-04 1.034057853914059251e+03
2.463214185422023359e-04 1.052099596990346527e+03
2.508027074789512386e-04 1.070454379350178897e+03
2.553655238389076002e-04 1.089127545962447584e+03
2.600113508383580818e-04 1.108124530542405637e+03
2.647416986775227160e-04 1.127450856962543412e+03
2.695581050314685314e-04 1.147112136904630688e+03
2.744621355499574371e-04 1.167114054726257791e+03
2.794553843663845458e-04 1.187462380964025442e+03
2.845394746159758551e-04 1.208162979950360750e+03
2.897160589634161019e-04 1.229221811240544184e+03
2.949868201400724570e-04 1.250644931055506959e+03
3.003534714909940903e-04 1.272438493744027255e+03
3.058177575318607564e-04 1.294608753264557663e+03
3.113814545160675839e-04 1.317162064686875965e+03
3.170463710121235027e-04 1.340104885713734120e+03
3.228143484915545593e-04 1.363443778222775336e+03
3.286872619275051630e-04 1.387185409828864749e+03
3.346670204042274878e-04 1.411336555443569750e+03
3.407555677376585749e-04 1.435904086039789263e+03
3.469548831072907032e-04 1.460894947612411897e+03
3.532669816995344099e-04 1.486316189243405915e+03
3.596939153627857458e-04 1.512174969986915130e+03
3.662377732744146039e-04 1.538478560392931058e+03
3.729006826198842401e-04 1.565234344047489003e+03
3.796848092842254412e-04 1.592449819129194339e+03
3.865923585560943217e-04 1.620132599982464853e+03
3.936255758446357959e-04 1.648290418707214940e+03
4.007867474093881042e-04 1.676931126765283580e+03
4.080782011034704971e-04 1.706062696603537461e+03
4.155023071302878300e-04 1.735693223293680830e+03
4.230614788140018689e-04 1.765830925472055242e+03
4.307581733840231200e-04 1.796484113258175739e+03
4.385948927737709220e-04 1.827661172548903778e+03
4.465741844339673225e-04 1.859370608821899395e+03
4.546986421607269535e-04 1.891621052138248842e+03
4.629709069387099988e-04 1.924421258609980896e+03
4.713936677996192776e-04 1.957780111875826833e+03
4.799696626963114669e-04 1.991706624584815472e+03
4.887016793928109122e-04 2.026209939887550036e+03
4.975925563705199022e-04 2.061299332934961512e+03
5.066451837509105497e-04 2.096984212384249986e+03
5.158625042350036471e-04 2.133274121911778366e+03
5.252475140599437630e-04 2.170178741732660455e+03
5.348032639729722064e-04 2.207707885415066812e+03
5.445328602231193230e-04 2.245871433289200922e+03
5.544394655709439885e-04 2.284679344273238712e+03
5.645263003166376423e-04 2.324141708914027276e+03
5.747966433468323271e-04 2.364268751952778075e+03
5.852538332004588112e-04 2.405070833462763858e+03
5.959012691539901374e-04 2.446558449978497720e+03
6.067424123264289265e-04 2.488742235615966365e+03
6.177807868044028370e-04 2.531632963183123593e+03
6.290199807877237988e-04 2.575241545280056926e+03
6.404636477557869127e-04 2.619579035388010652e+03
6.521155076551968374e-04 2.664656628946692308e+03
6.639793481089937589e-04 2.710485664418953547e+03
6.760590256478781488e-04 2.757077604611091829e+03
6.883584669638424022e-04 2.804443919505343729e+03
7.008816701866015138e-04 2.852596156546881048e+03
7.136327061832506164e-04 2.901545994916036307e+03
7.266157198815622470e-04 2.951305246075539799e+03
7.398349316173659113e-04 3.001885854100437882e+03
7.532946385064322441e-04 3.053299895970811122e+03
7.669992158413210326e-04 3.105559581826200883e+03
7.809531185136364337e-04 3.158677255180384236e+03
7.951608824621657834e-04 3.212665393095338004e+03
8.096271261473557369e-04 3.267536606312838103e+03
8.243565520526149317e-04 3.323303639342597762e+03
8.393539482129358346e-04 3.379979370497746459e+03
8.546241897713193272e-04 3.437576755508816404e+03
8.701722405635155082e-04 3.496108685181206056e+03
8.860031547316025383e-04 3.555588124679099565e+03
9.021220783669138630e-04 3.616028151863260064e+03
9.185342511828547196e-04 3.677441956258589471e+03
9.352450082181596814e-04 3.739842837945466727e+03
9.522597815711297603e-04 3.803244206372922235e+03
9.695841021654195762e-04 3.867659579091855903e+03
9.872236015479583272e-04 3.933102580406433390e+03
1.005184013719570731e-03 3.999586939941706532e+03
1.023471176998903354e-03 4.067126491125626671e+03
1.042091035920268260e-03 4.135735169583556853e+03
1.061049643166006237e-03 4.205427009220478794e+03
1.080353161534003880e-03 4.276215941421668504e+03
1.100007865941020346e-03 4.348115618104000532e+03
1.120020145462436367e-03 4.421139709622246301e+03
1.140396505409130030e-03 4.495301936507103164e+03
1.161143569442140474e-03 4.570616065659708511e+03
1.182268081725779563e-03 4.647095906405297683e+03
1.203776909119937686e-03 4.724755306403690156e+03
1.225677043412273662e-03 4.803608147414553059e+03
1.247975603590990466e-03 4.883668340915117369e+03
1.270679838158989732e-03 4.964949823568225838e+03
1.293797127490108707e-03 5.047466552538712676e+03
1.317334986228223953e-03 5.131232500655819422e+03
1.341301065730015436e-03 5.216261645117305306e+03
1.365703156552156234e-03 5.302567828820860086e+03
1.390549190983755108e-03 5.390164747875266585e+03
1.415847245624880920e-03 5.479066068325567358e+03
1.441605544011986383e-03 5.569285425171716270e+03
1.467832459291095685e-03 5.660836415836195556e+03
1.494536516939638099e-03 5.753732593449813066e+03
1.521726397537785614e-03 5.847987459954287260e+03
1.549410939590209870e-03 5.943614459019998321e+03
1.577599142399188420e-03 6.040626968777861293e+03
1.606300168989966727e-03 6.139038294363547720e+03
1.635523349089341256e-03 6.238861660273503730e+03
1.665278182158445083e-03 6.340110202531391224e+03
1.695574340480695760e-03 6.442796901892408641e+03
1.726421672305918737e-03 6.546934094239910337e+03
1.757830205051689977e-03 6.652533675879396469e+03
1.789810148562901533e-03 6.759607360329597213e+03
1.822371898430628434e-03 6.868166669998047837e+03
1.855526039371401025e-03 6.978222925148284958e+03
1.889283348667912315e-03 7.089787232642849631e+03
1.923654799672356013e-03 7.202870474463552455e+03
1.958651565373502844e-03 7.317483296010016602e+03
1.994285022028632545e-03 7.433636094177843006e+03
2.030566752861590052e-03 7.551339005218544116e+03
2.067508551828088018e-03 7.670601892383170707e+03
2.105122427449517258e-03 7.791434333351551686e+03
2.143420606716516918e-03 7.913845439865644039e+03
2.182415539063549490e-03 8.037843255291062633e+03
2.222119900415780395e-03 8.163435233148589759e+03
2.262546597309603950e-03 8.290628416734458369e+03
2.303708771088110261e-03 8.419429423273297289e+03
2.345619802172884284e-03 8.549844427853609886e+03
2.388293314413537840e-03 8.681879147157369516e+03
2.431743179516352837e-03 8.815538822990793051e+03
2.475983521553492845e-03 8.950828205623920439e+03
2.521028721554273606e-03 9.087751536946703709e+03
2.566893422179938791e-03 9.226312533450165574e+03
2.613592532483482739e-03 9.366514369041688042e+03
2.661141232756091858e-03 9.508359655473846942e+03
2.709554979461731641e-03 9.651849934657688209e+03
2.758849510261511279e-03 9.796985002539942798e+03
2.809040849129475128e-03 9.943763789526627079e+03
2.860145311561445615e-03 1.009218448561200421e+04
2.912179509878621078e-03 1.024224451943793247e+04
2.965160358627711400e-03 1.039394053727523533e+04
3.019105080079240774e-03 1.054726838194373158e+04
3.074031209825939682e-03 1.070222307169081614e+04
3.129956602482987689e-03 1.085879877904725436e+04
3.186899437491901629e-03 1.101698880968061894e+04
3.244878225030087531e-03 1.117678558126748976e+04
3.303911812027855201e-03 1.133818060240601153e+04
3.364019388294905554e-03 1.150116441690946158e+04
3.425220492758303866e-03 1.166572544118287988e+04
3.487535019813910002e-03 1.183184960820656306e+04
3.550983225793357713e-03 1.199952161829369288e+04
3.615585735548721910e-03 1.216872499794425130e+04
3.681363549156942572e-03 1.233944207601073867e+04
3.748338048746226604e-03 1.251165396016320847e+04
3.816531005446670635e-03 1.268534051369084773e+04
3.885964586467303538e-03 1.286048033267820028e+04
3.956661362301879675e-03 1.303705072359522092e+04
4.028644314065801639e-03 1.321502768134186044e+04
4.101936840966486156e-03 1.339438586778747776e+04
4.176562767909641240e-03 1.357509859084761229e+04
4.252546353243950861e-03 1.375713762847359249e+04
4.329912296646630868e-03 1.394047144516543631e+04
4.408685747152437870e-03 1.412506569509518886e+04
4.488892311328791275e-03 1.431088439822843793e+04
4.570558061599583680e-03 1.449788994226349132e+04
4.653709544720419609e-03 1.468604306321868171e+04
4.738373790408112810e-03 1.487530282706819162e+04
4.824578320127069324e-03 1.506562661248827499e+04
4.912351156035600803e-03 1.525697009477600659e+04
5.001720830095009521e-03 1.544928723100242678e+04
5.092716393344296974e-03 1.564253024646310405e+04
5.185367425343695783e-03 1.583664962248974916e+04
5.279704043790010327e-03 1.603159408568661092e+04
5.375756914306787163e-03 1.622730979426804151e+04
5.473557260412724793e-03 1.642373647180400803e+04
5.573136873671352513e-03 1.662081015286094407e+04
5.674528124025369699e-03 1.681846474621988455e+04
5.777763970319049064e-03 1.701663203196154063e+04
5.882877971012012881e-03 1.721524165914439072e+04
5.989904295087934011e-03 1.741422114596235770e+04
6.098877733161739596e-03 1.761349588247318752e+04
6.209833708788841528e-03 1.781298913598818763e+04
6.322808289980108576e-03 1.801262205921193527e+04
6.437838200926385319e-03 1.821231370122052613e+04
6.554960833936262360e-03 1.841198102136340822e+04
6.674214261591017439e-03 1.861153890422541372e+04
6.795637249120757215e-03 1.881089829493251455e+04
6.919269267005656761e-03 1.900996257037348187e+04
7.045150503806445370e-03 1.920863181556048221e+04
7.173321879228382672e-03 1.940680379573551909e+04
7.303825057422841556e-03 1.960437399254136835e+04
7.436702460530880687e-03 1.980123564455766245e+04
7.571997282473287398e-03 1.999727979229497214e+04
7.709753502991424298e-03 2.019239532773474639e+04
7.850015901943519989e-03 2.038646904849801649e+04
7.992830073861156154e-03 2.057938571671699901e+04
8.138242442770402332e-03 2.077102812268036723e+04
8.286300277282729679e-03 2.096127715331217769e+04
8.437051705960476808e-03 2.115001174453468411e+04
8.590545732961701528e-03 2.133710215929027618e+04
8.746832253969855087e-03 2.152240616309341203e+04
8.905962072413141362e-03 2.170577845065642396e+04
9.067986915978947307e-03 2.188707161833311693e+04
9.232959453428814245e-03 2.206613628290826819e+04
9.400933311719227026e-03 2.224282120786592714e+04
9.571963093433890138e-03 2.241697343716485557e+04
9.746104394533217086e-03 2.258843843653028671e+04
9.923413822426669154e-03 2.275706024225622969e+04
1.010394901437385203e-02 2.292268161748896091e+04
1.028776865622049903e-02 2.308514421594587111e+04
1.047493250147520615e-02 2.324428875300078289e+04
1.066550139073323480e-02 2.339995419960254731e+04
1.085953727145377856e-02 2.355196218962392959e+04
1.105710321809694544e-02 2.370011950467947099e+04
1.125826345262708091e-02 2.384423155728545316e+04
1.146308336538921606e-02 2.398410307481868585e+04
1.167162953636518598e-02 2.411953837533653132e+04
1.188396975681655331e-02 2.425034165449827924e+04
1.210017305132118047e-02 2.437631728329656107e+04
1.232030970021084568e-02 2.449727011626525564e+04
1.254445126241695782e-02 2.461300580977969003e+04
1.277267059873187817e-02 2.472333115001843908e+04
1.300504189549357356e-02 2.482805439010594273e+04
1.324164068870101706e-02 2.492698559590594596e+04
1.348254388856834698e-02 2.501993396770841719e+04
1.372782980452582312e-02 2.510668861355175613e+04
1.397757817067552845e-02 2.518703102624868552e+04
1.423187017171016755e-02 2.526074554412546422e+04
1.449078846930352236e-02 2.532761987750301705e+04
1.475441722898090599e-02 2.538744559662769825e+04
1.502284214747852745e-02 2.544001862826507931e+04
1.529615048060052954e-02 2.548513975976946676e+04
1.557443107158297015e-02 2.552261514935785453e+04
1.585777437997368949e-02 2.555225684123949759e+04
1.614627251103758002e-02 2.557388328417369848e+04
1.644001924569696987e-02 2.558731985195245215e+04
1.673911007101656218e-02 2.559239936415592456e+04
1.704364221124297918e-02 2.558895840390272861e+04
1.735371465940915153e-02 2.557682657049105546e+04
1.766942820951353937e-02 2.555583897027786952e+04
1.799088548928476708e-02 2.552584036767948055e+04
1.831819099354253105e-02 2.548668576592235331e+04
1.865145111816521317e-02 2.543824097951910517e+04
1.899077419467561437e-02 2.538038319616029548e+04
1.933627052545575792e-02 2.531300152566032921e+04
1.968805241960255858e-02 2.523599753355168286e+04
2.004623422943563674e-02 2.514928575688853380e+04
2.041093238766928872e-02 2.505279419979843806e+04
2.078226544526092998e-02 2.494646480630892984e+04
2.116035410994791810e-02 2.483025409937725635e+04
2.154532128548546088e-02 2.470415511138758302e+04
2.193729211159857126e-02 2.456821681706589152e+04
2.233639400466067362e-02 2.442250681060129500e+04
2.274275669911225012e-02 2.426710664633251872e+04
2.315651228963324162e-02 2.410211185855454096e+04
2.357779527408245326e-02 2.392763194722330445e+04
2.400674259721816833e-02 2.374379032893994736e+04
2.444349369521435500e-02 2.355072425270970052e+04
2.488819054098654476e-02 2.334858468008732598e+04
2.534097769034242970e-02 2.313753612944522320e+04
2.580200232897193052e-02 2.291775648422707309e+04
2.627141432029242440e-02 2.268943676517970380e+04
2.674936625416414818e-02 2.245278679601177646e+04
2.723601349649189957e-02 2.220817356181815558e+04
2.773151423972935320e-02 2.195611831697062735e+04
2.823602955430197167e-02 2.169714664265175816e+04
2.874972344096543217e-02 2.143177994326557018e+04
2.927276288411684996e-02 2.116053418697799862e+04
2.980531790607564985e-02 2.088391872325288568e+04
3.034756162235194635e-02 2.060243517864698515e+04
3.089967029792066097e-02 2.031657643164342153e+04
3.146182340451917497e-02 2.002682566684862468e+04
3.203420367898752313e-02 1.973365550844628160e+04
3.261699718266979769e-02 1.943752723239688203e+04
3.321039336189655911e-02 1.913889005650027320e+04
3.381458510956728697e-02 1.883821459654177306e+04
3.442976882785318132e-02 1.853625448842014157e+04
3.505614449204105115e-02 1.823388183760625543e+04
3.569391571553836434e-02 1.793192395353190659e+04
3.634328981606090719e-02 1.763116179104825642e+04
3.700447788302495961e-02 1.733233016415428574e+04
3.767769484616516340e-02 1.703611827698726847e+04
3.836315954540073236e-02 1.674317054152545097e+04
3.906109480197312439e-02 1.645408765211101490e+04
3.977172749087744263e-02 1.616942788786295569e+04
4.049528861461189344e-02 1.588970861526404951e+04
4.123201337826865737e-02 1.561540796463560582e+04
4.198214126599129209e-02 1.534696780419240167e+04
4.274591611882278680e-02 1.508480483226896104e+04
4.352358621396981014e-02 1.482930705248097365e+04
4.431540434550947788e-02 1.458083017218044188e+04
4.512162790656396028e-02 1.433969984444532929e+04
4.594251897297006032e-02 1.410621402554191627e+04
4.677834438847147669e-02 1.388064537809621470e+04
4.762937585146043151e-02 1.366324370797670235e+04
4.849589000329746630e-02 1.345423548249225496e+04
4.937816851823838976e-02 1.325362765417797709e+04
5.027649819499679928e-02 1.306109847095979967e+04
5.119117104997271406e-02 1.287631247388760130e+04
5.212248441217692818e-02 1.269895089684799132e+04
5.307074101988284998e-02 1.252871070435873844e+04
5.403624911903631006e-02 1.236523416791170894e+04
5.501932256345561101e-02 1.220782865479980865e+04
5.602028091685504890e-02 1.205572400100545747e+04
5.703944955672407557e-02 1.190818670671722066e+04
5.807715978009624774e-02 1.176447401842289037e+04
5.913374891124294208e-02 1.162358925525764062e+04
6.020956041132585757e-02 1.148446428832402853e+04
6.130494399004434575e-02 1.134607680374348638e+04
6.242025571931449079e-02 1.120733641797185010e+04
6.355585814901575092e-02 1.106706423923934017e+04
6.471212042484364435e-02 1.092413362718104145e+04
6.588941840830631058e-02 1.077743493731962189e+04
6.708813479890453346e-02 1.062587027454169038e+04
6.830865925853425724e-02 1.046842044236904985e+04
6.955138853815211186e-02 1.030418845068686824e+04
7.081672660674612207e-02 1.013238875175778230e+04
7.210508478265199861e-02 9.952385659740000847e+03
7.341688186725858767e-02 9.763783217351225176e+03
7.475254428114630478e-02 9.566324628622176533e+03
7.611250620270181011e-02 9.360064314119734263e+03
7.749720970925433328e-02 9.145251141986027505e+03
7.890710492078044369e-02 8.922426388163170486e+03
8.034265014622242462e-02 8.692417220893821650e+03
8.180431203246910088e-02 8.456256093462172430e+03
8.329256571604647108e-02 8.215291388336325326e+03
8.480789497756895112e-02 7.970992769694474191e+03
8.635079239899974557e-02 7.725127250557370644e+03
8.792175952377219439e-02 7.479492183435157131e+03
8.952130701982498329e-02 7.236084238414415267e+03
9.114995484560270422e-02 6.996837115489189273e+03
9.280823241907629195e-02 6.763742948744061323e+03
9.449667878983940283e-02 6.538638466580749082e+03
9.621584281433476216e-02 6.323250171443916770e+03
9.796628333426847524e-02 6.119075974828230756e+03
9.974856935827097759e-02 5.927363200522652733e+03
1.015632802468619950e-01 5.749070745373433965e+03
1.034110059007811722e-01 5.584767422362100660e+03
1.052923469527442119e-01 5.434701780087455518e+03
1.072079149626888606e-01 5.298679984515051729e+03
1.091583326165718459e-01 5.176147725415999048e+03
1.111442339287825876e-01 5.066083404119706756e+03
1.131662644482403085e-01 4.967120495821982331e+03
1.152250814682397734e-01 4.877529091918449922e+03
1.173213542401145143e-01 4.795241148224086828e+03
1.194557641907884188e-01 4.717936938629985889e+03
1.216290051442840969e-01 4.643124312228496819e+03
1.238417835472609974e-01 4.568270778921176316e+03
1.260948186986580177e-01 4.490880000932488656e+03
1.283888429835126355e-01 4.408647079104454860e+03
1.307246021110340384e-01 4.319685363616140421e+03
1.331028553570085537e-01 4.222564212787228826e+03
1.355243758106138563e-01 4.116533901130959748e+03
1.379899506257241670e-01 4.001494932416717347e+03
1.405003812767867122e-01 3.878106928510599573e+03
1.430564838193544852e-01 3.747754330023517923e+03
1.456590891553579126e-01 3.612419746717747785e+03
1.483090433032021316e-01 3.474609395187011160e+03
1.510072076727798640e-01 3.337036652753723502e+03
1.537544593454858166e-01 3.202610973728437330e+03
1.565516913593256454e-01 3.074042074734446942e+03
1.593998129992131307e-01 2.953720845028991334e+03
1.622997500925472680e-01 2.843502339461247175e+03
1.652524453101666957e-01 2.744572939584929372e+03
1.682588584727810199e-01 2.657376261645484647e+03
1.713199668629750150e-01 2.581562930584191690e+03
1.744367655428904484e-01 2.515952298354898630e+03
1.776102676776860900e-01 2.458721952040575616e+03
1.808415048648842893e-01 2.407569298164762586e+03
1.841315274697077342e-01 2.359950478877772639e+03
1.874814049665168569e-01 2.313008953629902862e+03
1.908922262864606312e-01 2.263993174907810953e+03
1.943651001714505333e-01 2.210552279085371083e+03
1.979011555345740747e-01 2.151136771081001825e+03
2.015015418270673930e-01 2.085421557293227579e+03
2.051674294119619768e-01 2.014031168517343531e+03
2.089000099445292302e-01 1.938488951112983386e+03
2.127004967596484164e-01 1.860994231611183068e+03
2.165701252662195486e-01 1.784067719803998443e+03
2.205101533487533183e-01 1.710194028042753416e+03
2.245218617762654856e-01 1.641517966395769690e+03
2.286065546186128450e-01 1.579454364604345301e+03
2.327655596704011065e-01 1.524738104638368441e+03
2.370002288826050518e-01 1.477072062793553869e+03
2.413119388020432687e-01 1.435498898101572649e+03
2.457020910188459084e-01 1.398259220114442542e+03
2.501721126220631253e-01 1.363319237050842275e+03
2.547234566635647179e-01 1.328476390825912176e+03
2.593576026303771598e-01 1.291982520811754284e+03
2.640760569256134782e-01 1.252593272549249377e+03
2.688803533581552996e-01 1.210152814201374895e+03
2.737720536412410199e-01 1.165199241956418746e+03
2.787527479001258301e-01 1.119231421322303731e+03
2.838240551889765206e-01 1.073936731418013778e+03
2.889876240171723176e-01 1.031069927061408407e+03
2.942451328851785064e-01 9.918391226387634561e+02
2.995982908301688674e-01 9.567666251708509435e+02
3.050488379815770590e-01 9.255637766628087775e+02
3.105985461267529724e-01 8.972760140809072027e+02
3.162492192869091334e-01 8.705991383388212626e+02
3.220026943035488309e-01 8.441505543344211446e+02
3.278608414355596024e-01 8.170080256445451141e+02
3.338255649671697523e-01 7.886760919648722847e+02
3.398988038269684098e-01 7.594927552903041033e+02
3.460825322181838581e-01 7.301331772004963341e+02
3.523787602604305236e-01 7.016409060080076188e+02
3.587895346431287935e-01 6.748463603626041731e+02
3.653169392908166557e-01 6.501923575374911479e+02
3.719630960405611586e-01 6.276272812608149252e+02
3.787301653316944572e-01 6.065657674269215249e+02
3.856203469081013746e-01 5.863295647331417513e+02
3.926358805332800794e-01 5.662198606440339290e+02
3.997790467184118013e-01 5.459725372273202311e+02
4.070521674636797815e-01 5.256605440285164832e+02
4.144576070130712719e-01 5.056384314506625515e+02
4.219977726229114934e-01 4.863763492174927592e+02
4.296751153443834070e-01 4.681338755602022843e+02
4.374921308202791015e-01 4.510183589131526674e+02
4.454513600962493047e-01 4.348454174957074088e+02
4.535553904468090924e-01 4.193088877723307633e+02
4.618068562163753499e-01 4.041502649700574921e+02
4.702084396756012197e-01 3.891719210175016315e+02
4.787628718932894767e-01 3.744413398055771722e+02
4.874729336241730993e-01 3.601646759251381695e+02
4.963414562128421470e-01 3.464878133612522220e+02
5.053713225141164278e-01 3.335031748531009157e+02
5.145654678301662122e-01 3.211556174644876478e+02
5.239268808646776465e-01 3.092300931696216821e+02
5.334586046943771143e-01 2.975911649096699421e+02
5.431637377582348991e-01 2.862704719628221142e+02
5.530454348646605123e-01 2.753164442841546133e+02
5.631069082170223616e-01 2.647698193001107256e+02
5.733514284578283826e-01 2.546628741083960392e+02
5.837823257318991432e-01 2.449776791523537725e+02
5.944029907688848091e-01 2.356412485511081627e+02
6.052168759854743563e-01 2.265939640671587370e+02
6.162274966076619620e-01 2.178401545266145263e+02
6.274384318134254013e-01 2.094066799412214834e+02
6.388533258961933692e-01 2.013067209633610162e+02
6.504758894494848676e-01 1.935187031317380217e+02
6.623099005730950228e-01 1.860156938015290962e+02
6.743592061012246841e-01 1.787767264331259582e+02
6.866277228529591437e-01 1.717963497668745845e+02
6.991194389054908864e-01 1.650724486724557494e+02
7.118384148905058106e-01 1.586019506105058099e+02
7.247887853141601333e-01 1.523772899892413761e+02
7.379747599010648695e-01 1.463876838944395899e+02
7.514006249627259715e-01 1.406228368803128035e+02
7.650707447908745573e-01 1.350730991426881360e+02
7.789895630761547451e-01 1.297304569176946814e+02
7.931616043526137361e-01 1.245880899822469985e+02
8.075914754684712094e-01 1.196393702615259969e+02
8.222838670836538633e-01 1.148778324863930180e+02
8.372435551945670573e-01 1.102971541193458904e+02
8.524754026866058210e-01 1.058910039873025397e+02
8.679843609149188177e-01 1.016531524761859089e+02
8.837754713139223117e-01 9.757757066355151210e+01
8.998538670360967107e-01 9.365842577109812339e+01
9.162247746206046983e-01 8.989007573874413026e+01
9.328935156922580907e-01 8.626706340273317153e+01
9.498655086913979639e-01 8.278409681213929616e+01
9.671462706352423888e-01 7.943604462890492357e+01
9.847414189112857485e-01 7.621794965871107763e+01
1.002656673103317075e+00 7.312502453714398598e+01
1.020897856850663477e+00 7.015264646077895350e+01
1.039470899741254284e+00 6.729635205775650775e+01
1.058381839239129318e+00 6.455183239519861615e+01
1.077636822647020098e+00 6.191492812081149566e+01
1.097242109104616281e+00 5.938162577847126045e+01
1.117204071623204564e+00 5.694806086142897072e+01
1.137529199157325532e+00 5.461050748175389202e+01
1.158224098714097927e+00 5.236536904394509406e+01
1.179295497500937762e+00 5.020917419448210239e+01
1.200750245112352843e+00 4.813857291707116559e+01
1.222595315756498158e+00 4.615033272810087084e+01
1.244837810522259947e+00 4.424133497075355592e+01
1.267484959687586565e+00 4.240857120619438092e+01
1.290544125069789771e+00 4.064913970023669521e+01
1.314022802418629343e+00 3.896024200385394920e+01
1.337928623852933541e+00 3.733917961536338481e+01
1.362269360341522129e+00 3.578334912848526272e+01
1.387052924229306816e+00 3.429023771862506464e+01
1.412287371809304970e+00 3.285742347197192004e+01
1.437980905941474319e+00 3.148257278860114283e+01
1.464141878719193102e+00 3.016343741008243029e+01
1.490778794184223655e+00 2.889785153560369579e+01
1.517900311091094689e+00 2.768372902449980799e+01
1.545515245721778452e+00 2.651906068310849918e+01
1.573632574751544055e+00 2.540191163389832241e+01
1.602261438166979080e+00 2.433041876484002586e+01
1.631411142237097822e+00 2.330278825702238521e+01
1.661091162538472332e+00 2.231729318854390698e+01
1.691311147035430507e+00 2.137227120472345732e+01
1.722080919216290917e+00 2.046612213259816215e+01
1.753410481286623579e+00 1.959730584757773997e+01
1.785310017420636663e+00 1.876434030225694016e+01
1.817789897071716787e+00 1.796579948344074751e+01
1.850860678343162258e+00 1.720031142963747683e+01
1.884533111420275020e+00 1.646655631224134453e+01
1.918818142064890653e+00 1.576326457865985731e+01
1.953726915173450651e+00 1.508921515567496741e+01
1.989270778399840234e+00 1.444323371135869571e+01
2.025461285844135872e+00 1.382419097390003948e+01
2.062310201808426502e+00 1.323100110573373911e+01
2.099829504620999376e+00 1.266262013139264653e+01
2.138031390530099607e+00 1.211804429421440332e+01
2.176928277668485734e+00 1.159630777902679633e+01
2.216532810090176664e+00 1.109648196593206571e+01
2.256857861880572358e+00 1.061767455267600901e+01
2.297916541341392893e+00 1.015902820611731450e+01
2.339722195251757952e+00 9.719719257514373822e+00
2.382288413206739008e+00 9.298956443410714812e+00
2.425629032034890553e+00 8.895979690666123929e+00
2.469758140296145932e+00 8.510058944221674082e+00
2.514690082861498865e+00 8.140493036225606716e+00
2.560439465576048956e+00 7.786608595184316250e+00
2.607021160006877558e+00 7.447758993841331332e+00
2.654450308277259918e+00 7.123323334523556483e+00
2.702742327988867821e+00 6.812705546670096091e+00
2.751912917233522826e+00 6.515333643473931957e+00
2.801978059696081491e+00 6.230658542918450671e+00
2.852954029850200968e+00 5.958153116913710079e+00
2.904857398248635203e+00 5.697311353720605709e+00
2.957705036909722196e+00 5.447647550375996239e+00
3.011514124801920822e+00 5.208695534136666083e+00
3.066302153428126953e+00 4.980007911988564295e+00
3.122086932511527912e+00 4.761155347294800499e+00
3.178886595784957247e+00 4.551725862681860413e+00
3.236719606885571920e+00 4.351324168290243932e+00
3.295604765356715760e+00 4.159571014541076472e+00
3.355561212759026635e+00 3.976102567540115373e+00
3.416608438892731137e+00 3.800569659829888369e+00
3.478766288133063878e+00 3.632637094382641152e+00
3.542054965881055395e+00 3.471983395844897569e+00
3.606495045131572041e+00 3.318300306270318689e+00
3.672107473160914903e+00 3.171292260275497377e+00
3.738913578336090726e+00 3.030675880147046364e+00
3.806935077047892690e+00 2.896179490183369065e+00
3.876194080770182016e+00 2.767542649577933833e+00
3.946713103247599275e+00 2.644515703174413090e+00
4.018515067813969388e+00 2.526859349446479719e+00
4.091623314843920944e+00 2.414344225076440420e+00
4.166061609340070859e+00 2.306750505528372130e+00
4.241854148658170232e+00 2.203867520068188313e+00
4.319025570372864387e+00 2.105493357824613998e+00
4.397600960286556671e+00 2.011434515882554397e+00
4.477605860583897091e+00 1.921505588766748041e+00
4.559066278134701555e+00 1.835528941218693033e+00
4.642008692947928949e+00 1.753334392186533197e+00
4.726460066779375246e+00 1.674758911201969624e+00
4.812447851896049400e+00 1.599646326680517205e+00
4.900000000000001243e+00 1.527847045697955819e+00
