# k[h/Mpc]    Pk[Mpc^3/h^3] (CDM+baryons, z=0, sum m_nu = 0.1 eV)
1.000000000000000048e-04 4.456058550842355999e+02
1.018192851288654056e-04 4.533976351298789496e+02
1.036716682415320324e-04 4.613255312095317322e+02
1.055577514846969182e-04 4.693919148822117791e+02
1.074781479598227148e-04 4.775991983274468566e+02
1.094334819224358437e-04 4.859498339834106559e+02
1.114243889850503427e-04 4.944463164226394838e+02
1.134515163237845173e-04 5.030911833484451563e+02
1.155155228887354377e-04 5.118870163336847554e+02
1.176170796181814416e-04 5.208364415720208171e+02
1.197568696566808123e-04 5.299421306418939821e+02
1.219355885771395451e-04 5.392068012834058663e+02
1.241539446069180779e-04 5.486332181883281010e+02
1.264126588580515400e-04 5.582241938034675286e+02
1.287124655616594384e-04 5.679825891475919661e+02
1.310541123066188615e-04 5.779113146421603915e+02
1.334383602825797493e-04 5.880133309288837609e+02
1.358659845274025704e-04 5.982916480795048528e+02
1.383377741790963323e-04 6.087493253768390105e+02
1.408545327323400568e-04 6.193894744293631902e+02
1.434170782996723684e-04 6.302152602776910726e+02
1.460262438774317321e-04 6.412299022983658006e+02
1.486828776165345905e-04 6.524366751226458518e+02
1.513878430981813628e-04 6.638389095705048248e+02
1.541420196145766618e-04 6.754399936000752405e+02
1.569463024547576211e-04 6.872433732728293307e+02
1.598016031956211612e-04 6.992525537346911051e+02
1.627088499982476107e-04 7.114711002133864213e+02
1.656689879096138421e-04 7.239026390322744646e+02
1.686829791697952625e-04 7.365508583896885284e+02
1.717518035247584925e-04 7.494195051513614771e+02
1.748764585448427458e-04 7.625123861923796085e+02
1.780579599490355648e-04 7.758333729628984656e+02
1.812973419351494885e-04 7.893864026798939904e+02
1.845956575160039546e-04 8.031754794174257768e+02
1.879539788617241337e-04 8.172046752143721733e+02
1.913733976482663102e-04 8.314781311998646061e+02
1.948550254122856829e-04 8.460000587367218259e+02
1.983999939124585297e-04 8.607747405831518108e+02
2.020094554973777819e-04 8.758065320729730274e+02
2.056845834801435461e-04 8.910998623146837190e+02
2.094265725197667807e-04 9.066592354096126201e+02
2.132366390095114320e-04 9.224892303697829448e+02
2.171160214723039149e-04 9.385944933349912844e+02
2.210659809633339990e-04 9.549797435738389595e+02
2.250878014799803737e-04 9.716497792057280094e+02
2.291827903791957422e-04 9.886094784923720908e+02
2.333522788024834985e-04 1.005863801123824828e+03
2.375976221086056330e-04 1.023417789523952024e+03
2.419202003141653350e-04 1.041276570175554752e+03
2.463214185422023359e-04 1.059445354965462911e+03
2.508027074789512386e-04 1.077929442549838541e+03
2.553655238389076002e-04 1.096734219739974833e+03
2.600113508383580818e-04 1.115865162908874709e+03
2.647416986775227160e-04 1.135327839418857366e+03
2.695581050314685314e-04 1.155127903879823407e+03
2.744621355499574371e-04 1.175271084439883907e+03
2.794553843663845458e-04 1.195763198055063185e+03
2.845394746159758551e-04 1.216610156411536991e+03
2.897160589634161019e-04 1.237817967369076769e+03
2.949868201400724570e-04 1.259392736424172199e+03
3.003534714909940903e-04 1.281340668192971862e+03
3.058177575318607564e-04 1.303668067914326457e+03
3.113814545160675839e-04 1.326381342973111259e+03
3.170463710121235027e-04 1.349487004444031754e+03
3.228143484915545593e-04 1.372991668656159845e+03
3.286872619275051630e-04 1.396902058778437322e+03
3.346670204042274878e-04 1.421225006298642711e+03
3.407555677376585749e-04 1.445967436542372752e+03
3.469548831072907032e-04 1.471136353070073937e+03
3.532669816995344099e-04 1.496738865575314094e+03
3.596939153627857458e-04 1.522782194986822788e+03
3.662377732744146039e-04 1.549273675020179553e+03
3.729006826198842401e-04 1.576220753746605396e+03
3.796848092842254412e-04 1.603630995178837793e+03
3.865923585560943217e-04 1.631512080874201502e+03
3.936255758446357959e-04 1.659871811554961596e+03
4.007867474093881042e-04 1.688718108745987138e+03
4.080782011034704971e-04 1.718059016429840995e+03
4.155023071302878300e-04 1.747902702719271019e+03
4.230614788140018689e-04 1.778257460013557875e+03
4.307581733840231200e-04 1.809131667746412859e+03
4.385948927737709220e-04 1.840533787884877711e+03
4.465741844339673225e-04 1.872472405143283368e+03
4.546986421607269535e-04 1.904956230503387133e+03
4.629709069387099988e-04 1.937994102719472494e+03
4.713936677996192776e-04 1.971594989832407009e+03
4.799696626963114669e-04 2.005767990692456806e+03
4.887016793928109122e-04 2.040522336490594171e+03
4.975925563705199022e-04 2.075867392298139293e+03
5.066451837509105497e-04 2.111812658614497650e+03
5.158625042350036471e-04 2.148367772922726999e+03
5.252475140599437630e-04 2.185542511252722761e+03
5.348032639729722064e-04 2.223346781906378055e+03
5.445328602231193230e-04 2.261790553127349995e+03
5.544394655709439885e-04 2.300883882062334123e+03
5.645263003166376423e-04 2.340636960344090767e+03
5.747966433468323271e-04 2.381060115849647445e+03
5.852538332004588112e-04 2.422163813879610643e+03
5.959012691539901374e-04 2.463958658329700484e+03
6.067424123264289265e-04 2.506455392854205911e+03
6.177807868044028370e-04 2.549664902020453610e+03
6.290199807877237988e-04 2.593598212453712222e+03
6.404636477557869127e-04 2.638266493971866112e+03
6.521155076551968374e-04 2.683681060709061967e+03
6.639793481089937589e-04 2.729853372227763430e+03
6.760590256478781488e-04 2.776795004724168393e+03
6.883584669638424022e-04 2.824517531085656628e+03
7.008816701866015138e-04 2.873032614251071209e+03
7.136327061832506164e-04 2.922352050834156216e+03
7.266157198815622470e-04 2.972487771517638521e+03
7.398349316173659113e-04 3.023451841400353260e+03
7.532946385064322441e-04 3.075256460307130965e+03
7.669992158413210326e-04 3.127913963060162587e+03
7.809531185136364337e-04 3.181436819710512736e+03
7.951608824621657834e-04 3.235837635728638361e+03
8.096271261473557369e-04 3.291129152152395818e+03
8.243565520526149317e-04 3.347324245691228953e+03
8.393539482129358346e-04 3.404435928560146294e+03
8.546241897713193272e-04 3.462477264451345945e+03
8.701722405635155082e-04 3.521461233850089229e+03
8.860031547316025383e-04 3.581400899218598170e+03
9.021220783669138630e-04 3.642309434921819957e+03
9.185342511828547196e-04 3.704200126098854980e+03
9.352450082181596814e-04 3.767086367454839547e+03
9.522597815711297603e-04 3.830981661971128688e+03
9.695841021654195762e-04 3.895899619532173347e+03
9.872236015479583272e-04 3.961853955466815023e+03
1.005184013719570731e-03 4.028858489002463557e+03
1.023471176998903354e-03 4.096927141629695143e+03
1.042091035920268260e-03 4.166073935375790825e+03
1.061049643166006237e-03 4.236312984315507492e+03
1.080353161534003880e-03 4.307658219263015781e+03
1.100007865941020346e-03 4.380123267524279072e+03
1.120020145462436367e-03 4.453721776802188288e+03
1.140396505409130030e-03 4.528467436190171611e+03
1.161143569442140474e-03 4.604373971976242501e+03
1.182268081725779563e-03 4.681455143296456299e+03
1.203776909119937686e-03 4.759724737635532620e+03
1.225677043412273662e-03 4.839196566172334315e+03
1.247975603590990466e-03 4.919884458967802857e+03
1.270679838158989732e-03 5.001802259993609368e+03
1.293797127490108707e-03 5.084963821998896492e+03
1.317334986228223953e-03 5.169383001213423086e+03
1.341301065730015436e-03 5.255073635199845739e+03
1.365703156552156234e-03 5.342049317043556584e+03
1.390549190983755108e-03 5.430323434145676401e+03
1.415847245624880920e-03 5.519909321494280448e+03
1.441605544011986383e-03 5.610820258281180941e+03
1.467832459291095685e-03 5.703069460487809920e+03
1.494536516939638099e-03 5.796670073273208800e+03
1.521726397537785614e-03 5.891635163162248318e+03
1.549410939590209870e-03 5.987977710033376752e+03
1.577599142399188420e-03 6.085710598904524886e+03
1.606300168989966727e-03 6.184846611516180928e+03
1.635523349089341256e-03 6.285398417710880494e+03
1.665278182158445083e-03 6.387378566608450456e+03
1.695574340480695760e-03 6.490799384209237360e+03
1.726421672305918737e-03 6.595672448207691559e+03
1.757830205051689977e-03 6.702008902578422749e+03
1.789810148562901533e-03 6.809819670486121140e+03
1.822371898430628434e-03 6.919115442847721170e+03
1.855526039371401025e-03 7.029906666123811192e+03
1.889283348667912315e-03 7.142203529875566346e+03
1.923654799672356013e-03 7.256015954089501975e+03
1.958651565373502844e-03 7.371353576271802012e+03
1.994285022028632545e-03 7.488225738315032686e+03
2.030566752861590052e-03 7.606641473140013659e+03
2.067508551828088018e-03 7.726609491116091704e+03
2.105122427449517258e-03 7.848138166207944778e+03
2.143420606716516918e-03 7.971235364735239273e+03
2.182415539063549490e-03 8.095908069566406084e+03
2.222119900415780395e-03 8.222162739902285466e+03
2.262546597309603950e-03 8.350005391689190219e+03
2.303708771088110261e-03 8.479441581271326868e+03
2.345619802172884284e-03 8.610476388843506356e+03
2.388293314413537840e-03 8.743114401712142353e+03
2.431743179516352837e-03 8.877359697372028677e+03
2.475983521553492845e-03 9.013215826408379144e+03
2.521028721554273606e-03 9.150685795232557211e+03
2.566893422179938791e-03 9.289772048661548979e+03
2.613592532483482739e-03 9.430476452351274929e+03
2.661141232756091858e-03 9.572800269453642613e+03
2.709554979461731641e-03 9.716743722146135042e+03
2.758849510261511279e-03 9.862305650886051808e+03
2.809040849129475128e-03 1.000948410580964628e+04
2.860145311561445615e-03 1.015827639243886006e+04
2.912179509878621078e-03 1.030867905147379315e+04
2.965160358627711400e-03 1.046068783853629247e+04
3.019105080079240774e-03 1.061429770388215911e+04
3.074031209825939682e-03 1.076950277210093736e+04
3.129956602482987689e-03 1.092629632182277419e+04
3.186899437491901629e-03 1.108467076545217787e+04
3.244878225030087531e-03 1.124461762894981439e+04
3.303911812027855201e-03 1.140612753168389099e+04
3.364019388294905554e-03 1.156919009840695617e+04
3.425220492758303866e-03 1.173379264248085019e+04
3.487535019813910002e-03 1.189992016541374142e+04
3.550983225793357713e-03 1.206755648119468242e+04
3.615585735548721910e-03 1.223668423814771450e+04
3.681363549156942572e-03 1.240728489631886805e+04
3.748338048746226604e-03 1.257933870519254197e+04
3.816531005446670635e-03 1.275282468177403825e+04
3.885964586467303538e-03 1.292772058907515202e+04
3.956661362301879675e-03 1.310400291504148117e+04
4.028644314065801639e-03 1.328164685196043683e+04
4.101936840966486156e-03 1.346062627638997401e+04
4.176562767909641240e-03 1.364091372964839684e+04
4.252546353243950861e-03 1.382248008871123966e+04
4.329912296646630868e-03 1.400529221517770748e+04
4.408685747152437870e-03 1.418931410120750115e+04
4.488892311328791275e-03 1.437450809598361229e+04
4.570558061599583680e-03 1.456083489554938387e+04
4.653709544720419609e-03 1.474825352441578434e+04
4.738373790408112810e-03 1.493672131829040336e+04
4.824578320127069324e-03 1.512619390798956192e+04
4.912351156035600803e-03 1.531662520459812731e+04
5.001720830095009521e-03 1.550796738593974806e+04
5.092716393344296974e-03 1.570017088442181921e+04
5.185367425343695783e-03 1.589318437632040150e+04
5.279704043790010327e-03 1.608695477256873892e+04
5.375756914306787163e-03 1.628142638770746635e+04
5.473557260412724793e-03 1.647653829277400655e+04
5.573136873671352513e-03 1.667222668269103087e+04
5.674528124025369699e-03 1.686842572082049446e+04
5.777763970319049064e-03 1.706506753702926653e+04
5.882877971012012881e-03 1.726208222806891354e+04
5.989904295087934011e-03 1.745939786035512589e+04
6.098877733161739596e-03 1.765694047522856272e+04
6.209833708788841528e-03 1.785463409677919117e+04
6.322808289980108576e-03 1.805240074231356994e+04
6.437838200926385319e-03 1.825016043554419957e+04
6.554960833936262360e-03 1.844783122257726791e+04
6.674214261591017439e-03 1.864532916869760811e+04
6.795637249120757215e-03 1.884256466946637738e+04
6.919269267005656761e-03 1.903943808635455935e+04
7.045150503806445370e-03 1.923584638995044224e+04
7.173321879228382672e-03 1.943168417492711160e+04
7.303825057422841556e-03 1.962684369948059248e+04
7.436702460530880687e-03 1.982121492943275371e+04
7.571997282473287398e-03 2.001468558709875288e+04
7.709753502991424298e-03 2.020714120501103389e+04
7.850015901943519989e-03 2.039846518458827268e+04
7.992830073861156154e-03 2.058853885982768043e+04
8.138242442770402332e-03 2.077724156609298370e+04
8.286300277282729679e-03 2.096445071406299030e+04
8.437051705960476808e-03 2.115004166923261801e+04
8.590545732961701528e-03 2.133388204343189500e+04
8.746832253969855087e-03 2.151583065691381489e+04
8.905962072413141362e-03 2.169574393557450094e+04
9.067986915978947307e-03 2.187347639421360873e+04
9.232959453428814245e-03 2.204888075798489808e+04
9.400933311719227026e-03 2.222180809098334430e+04
9.571963093433890138e-03 2.239210793197513340e+04
9.746104394533217086e-03 2.255962843726331994e+04
9.923413822426669154e-03 2.272421653066142608e+04
1.010394901437385203e-02 2.288571806052878674e+04
1.028776865622049903e-02 2.304397796380288128e+04
1.047493250147520615e-02 2.319884043694303546e+04
1.066550139073323480e-02 2.335014749006120837e+04
1.085953727145377856e-02 2.349772241291413229e+04
1.105710321809694544e-02 2.364137626545235253e+04
1.125826345262708091e-02 2.378091921354956139e+04
1.146308336538921606e-02 2.391616096635106078e+04
1.167162953636518598e-02 2.404691104895982062e+04
1.188396975681655331e-02 2.417297908546376129e+04
1.210017305132118047e-02 2.429417509199548658e+04
1.232030970021084568e-02 2.441030977947351494e+04
1.254445126241695782e-02 2.452119486562937163e+04
1.277267059873187817e-02 2.462664339587649010e+04
1.300504189549357356e-02 2.472647007253332777e+04
1.324164068870101706e-02 2.482049159186349789e+04
1.348254388856834698e-02 2.490852182517234542e+04
1.372782980452582312e-02 2.499034972494670001e+04
1.397757817067552845e-02 2.506575775831029750e+04
1.423187017171016755e-02 2.513453139303054195e+04
1.449078846930352236e-02 2.519645958588540452e+04
1.475441722898090599e-02 2.525133527495365342e+04
1.502284214747852745e-02 2.529895588051020241e+04
1.529615048060052954e-02 2.533912381330855715e+04
1.557443107158297015e-02 2.537164698894599132e+04
1.585777437997368949e-02 2.539633934693038464e+04
1.614627251103758002e-02 2.541302137298400703e+04
1.644001924569696987e-02 2.542152062304702849e+04
1.673911007101656218e-02 2.542167223960695264e+04
1.704364221124297918e-02 2.541331484104568881e+04
1.735371465940915153e-02 2.539628322179640600e+04
1.766942820951353937e-02 2.537041933250578950e+04
1.799088548928476708e-02 2.533557493207380685e+04
1.831819099354253105e-02 2.529161215544780862e+04
1.865145111816521317e-02 2.523840407218996188e+04
1.899077419467561437e-02 2.517583523352635166e+04
1.933627052545575792e-02 2.510380220553535401e+04
1.968805241960255858e-02 2.502221408609918944e+04
2.004623422943563674e-02 2.493099300321055489e+04
2.041093238766928872e-02 2.483007459221224417e+04
2.078226544526092998e-02 2.471940844953894339e+04
2.116035410994791810e-02 2.459895908488527130e+04
2.154532128548546088e-02 2.446873130904103164e+04
2.193729211159857126e-02 2.432878084225076600e+04
2.233639400466067362e-02 2.417918008689624912e+04
2.274275669911225012e-02 2.402001532281682375e+04
2.315651228963324162e-02 2.385138671629525561e+04
2.357779527408245326e-02 2.367340829485390350e+04
2.400674259721816833e-02 2.348620788727403851e+04
2.444349369521435500e-02 2.328992702836451645e+04
2.488819054098654476e-02 2.308472082812609005e+04
2.534097769034242970e-02 2.287075780508168100e+04
2.580200232897193052e-02 2.264821968367055160e+04
2.627141432029242440e-02 2.241730115573759758e+04
2.674936625416414818e-02 2.217822037539826124e+04
2.723601349649189957e-02 2.193137193267548719e+04
2.773151423972935320e-02 2.167728216889257237e+04
2.823602955430197167e-02 2.141647760437311445e+04
2.874972344096543217e-02 2.114948005054273017e+04
2.927276288411684996e-02 2.087680536441677032e+04
2.980531790607564985e-02 2.059896228188012174e+04
3.034756162235194635e-02 2.031645133085731140e+04
3.089967029792066097e-02 2.002976382498829844e+04
3.146182340451917497e-02 1.973938093796632529e+04
3.203420367898752313e-02 1.944577285826663865e+04
3.261699718266979769e-02 1.914939802358910310e+04
3.321039336189655911e-02 1.885070243397014565e+04
3.381458510956728697e-02 1.855016999190818387e+04
3.442976882785318132e-02 1.824858368707921909e+04
3.505614449204105115e-02 1.794680896541076436e+04
3.569391571553836434e-02 1.764566469500336098e+04
3.634328981606090719e-02 1.734592284196297624e+04
3.700447788302495961e-02 1.704830877569952645e+04
3.767769484616516340e-02 1.675350188939652435e+04
3.836315954540073236e-02 1.646213650443329971e+04
3.906109480197312439e-02 1.617480302831013796e+04
3.977172749087744263e-02 1.589204933668984449e+04
4.049528861461189344e-02 1.561438235148483363e+04
4.123201337826865737e-02 1.534226978844529003e+04
4.198214126599129209e-02 1.507614367340500576e+04
4.274591611882278680e-02 1.481641099570462393e+04
4.352358621396981014e-02 1.456344882239550861e+04
4.431540434550947788e-02 1.431760221031506080e+04
4.512162790656396028e-02 1.407918653835363875e+04
4.594251897297006032e-02 1.384848990614046306e+04
4.677834438847147669e-02 1.362577557401188642e+04
4.762937585146043151e-02 1.341128443262237306e+04
4.849589000329746630e-02 1.320523054106858217e+04
4.937816851823838976e-02 1.300757237309734046e+04
5.027649819499679928e-02 1.281797716057357138e+04
5.119117104997271406e-02 1.263611109399020097e+04
5.212248441217692818e-02 1.246165712099659868e+04
5.307074101988284998e-02 1.229431397889229265e+04
5.403624911903631006e-02 1.213369795821545449e+04
5.501932256345561101e-02 1.197908480714144935e+04
5.602028091685504890e-02 1.182970280387493949e+04
5.703944955672407557e-02 1.168481708711422652e+04
5.807715978009624774e-02 1.154366688621181675e+04
5.913374891124294208e-02 1.140523722177985655e+04
6.020956041132585757e-02 1.126847307874020589e+04
6.130494399004434575e-02 1.113236177124323694e+04
6.242025571931449079e-02 1.099580148305716830e+04
6.355585814901575092e-02 1.085761764198947640e+04
6.471212042484364435e-02 1.071669077528758498e+04
6.588941840830631058e-02 1.057191230041357994e+04
6.708813479890453346e-02 1.042219438431829803e+04
6.830865925853425724e-02 1.026653215624801305e+04
6.955138853815211186e-02 1.010404793965855242e+04
7.081672660674612207e-02 9.933972512737727811e+03
7.210508478265199861e-02 9.755699948321072952e+03
7.341688186725858767e-02 9.568852136702440475e+03
7.475254428114630478e-02 9.373194974140245904e+03
7.611250620270181011e-02 9.168818908234812625e+03
7.749720970925433328e-02 8.955990344826006549e+03
7.890710492078044369e-02 8.735292246671213434e+03
8.034265014622242462e-02 8.507555206934077432e+03
8.180431203246910088e-02 8.273847441735590110e+03
8.329256571604647108e-02 8.035521540771746004e+03
8.480789497756895112e-02 7.794075060867671709e+03
8.635079239899974557e-02 7.551274434391694740e+03
8.792175952377219439e-02 7.308926177724135414e+03
8.952130701982498329e-02 7.069014609491829106e+03
9.114995484560270422e-02 6.833460827136117587e+03
9.280823241907629195e-02 6.604231135186093525e+03
9.449667878983940283e-02 6.383133555382020859e+03
9.621584281433476216e-02 6.171871276082977602e+03
9.796628333426847524e-02 5.971904220331124634e+03
9.974856935827097759e-02 5.784434126249259862e+03
1.015632802468619950e-01 5.610361327196271304e+03
1.034110059007811722e-01 5.450228425536912255e+03
1.052923469527442119e-01 5.304222054994645987e+03
1.072079149626888606e-01 5.172104987768810133e+03
1.091583326165718459e-01 5.053261851395013764e+03
1.111442339287825876e-01 4.946682273245717624e+03
1.131662644482403085e-01 4.850946169446624481e+03
1.152250814682397734e-01 4.764297210433383952e+03
1.173213542401145143e-01 4.684639043314529772e+03
1.194557641907884188e-01 4.609683351590382699e+03
1.216290051442840969e-01 4.536918708523345231e+03
1.238417835472609974e-01 4.463816539615410875e+03
1.260948186986580177e-01 4.387925481248751566e+03
1.283888429835126355e-01 4.307017458310258917e+03
1.307246021110340384e-01 4.219251023034225000e+03
1.331028553570085537e-01 4.123269817975355181e+03
1.355243758106138563e-01 4.018371730498950001e+03
1.379899506257241670e-01 3.904559625743115248e+03
1.405003812767867122e-01 3.782552678536800613e+03
1.430564838193544852e-01 3.653818440131838997e+03
1.456590891553579126e-01 3.520343056223683107e+03
1.483090433032021316e-01 3.384684669482074696e+03
1.510072076727798640e-01 3.249557363677888588e+03
1.537544593454858166e-01 3.117838641398717755e+03
1.565516913593256454e-01 2.992165897188106101e+03
1.593998129992131307e-01 2.874883863919323176e+03
1.622997500925472680e-01 2.767757667432882954e+03
1.652524453101666957e-01 2.671900450329515024e+03
1.682588584727810199e-01 2.587636594875576066e+03
1.713199668629750150e-01 2.514574900580014855e+03
1.744367655428904484e-01 2.451428937693656735e+03
1.776102676776860900e-01 2.396362706684948989e+03
1.808415048648842893e-01 2.347044634141034294e+03
1.841315274697077342e-01 2.300940076308484095e+03
1.874814049665168569e-01 2.255190893510976366e+03
1.908922262864606312e-01 2.207105854757479847e+03
1.943651001714505333e-01 2.154404331670150441e+03
1.979011555345740747e-01 2.095698700288804957e+03
2.015015418270673930e-01 2.030739323721159508e+03
2.051674294119619768e-01 1.960278472824016717e+03
2.089000099445292302e-01 1.885874452384070764e+03
2.127004967596484164e-01 1.809787547508285115e+03
2.165701252662195486e-01 1.734502748654229435e+03
2.205101533487533183e-01 1.662474490049727819e+03
2.245218617762654856e-01 1.595756802819689483e+03
2.286065546186128450e-01 1.535690372404855452e+03
2.327655596704011065e-01 1.482887380625140167e+03
2.370002288826050518e-01 1.436993916570305601e+03
2.413119388020432687e-01 1.396954493956937540e+03
2.457020910188459084e-01 1.361007436979752811e+03
2.501721126220631253e-01 1.327096883648292987e+03
2.547234566635647179e-01 1.293064059807020158e+03
2.593576026303771598e-01 1.257230755803102056e+03
2.640760569256134782e-01 1.218444639571350081e+03
2.688803533581552996e-01 1.176652272077961925e+03
2.737720536412410199e-01 1.132475685873178463e+03
2.787527479001258301e-01 1.087454018773199550e+03
2.838240551889765206e-01 1.043269422718922442e+03
2.889876240171723176e-01 1.001638747917444562e+03
2.942451328851785064e-01 9.636684550511379257e+02
2.995982908301688674e-01 9.298245484151834717e+02
3.050488379815770590e-01 8.997101193895543929e+02
3.105985461267529724e-01 8.723590099730105294e+02
3.162492192869091334e-01 8.464408450686925107e+02
3.220026943035488309e-01 8.206216282216556692e+02
3.278608414355596024e-01 7.940309356713312354e+02
3.338255649671697523e-01 7.662513428466202186e+02
3.398988038269684098e-01 7.376756193553068215e+02
3.460825322181838581e-01 7.090135450839718487e+02
3.523787602604305236e-01 6.813040462923229370e+02
3.587895346431287935e-01 6.553216718887539400e+02
3.653169392908166557e-01 6.314774623461496503e+02
3.719630960405611586e-01 6.096410062865144255e+02
3.787301653316944572e-01 5.892187453574189249e+02
3.856203469081013746e-01 5.695282691517151079e+02
3.926358805332800794e-01 5.499014717505061753e+02
3.997790467184118013e-01 5.301332206637506488e+02
4.070521674636797815e-01 5.103117339227508751e+02
4.144576070130712719e-01 4.908198405430813978e+02
4.219977726229114934e-01 4.721097058724952262e+02
4.296751153443834070e-01 4.544160152806704218e+02
4.374921308202791015e-01 4.378279285245293977e+02
4.454513600962493047e-01 4.221332019506352253e+02
4.535553904468090924e-01 4.070332923343273137e+02
4.618068562163753499e-01 3.922769497581448945e+02
4.702084396756012197e-01 3.776825259446606537e+02
4.787628718932894767e-01 3.633479317077385531e+02
4.874729336241730993e-01 3.494749513273188768e+02
4.963414562128421470e-01 3.362004677148435690e+02
5.053713225141164278e-01 3.236100562211575493e+02
5.145654678301662122e-01 3.116243340555524242e+02
5.239268808646776465e-01 3.000295542985376187e+02
5.334586046943771143e-01 2.887111772169734536e+02
5.431637377582348991e-01 2.777077557994811627e+02
5.530454348646605123e-01 2.670662366701955079e+02
5.631069082170223616e-01 2.568264355536586550e+02
5.733514284578283826e-01 2.470187671295297491e+02
5.837823257318991432e-01 2.376170781005009189e+02
5.944029907688848091e-01 2.285483352109561110e+02
6.052168759854743563e-01 2.197580080645076350e+02
6.162274966076619620e-01 2.112565323999157556e+02
6.274384318134254013e-01 2.030702308563415386e+02
6.388533258961933692e-01 1.952089906501690564e+02
6.504758894494848676e-01 1.876494818938107585e+02
6.623099005730950228e-01 1.803654463085446196e+02
6.743592061012246841e-01 1.733376267108398565e+02
6.866277228529591437e-01 1.665617934802536126e+02
6.991194389054908864e-01 1.600358811324227304e+02
7.118384148905058106e-01 1.537567365982679632e+02
7.247887853141601333e-01 1.477163773345475306e+02
7.379747599010648695e-01 1.419042485794063566e+02
7.514006249627259715e-01 1.363103384337063062e+02
7.650707447908745573e-01 1.309253091847117787e+02
7.789895630761547451e-01 1.257415273677700185e+02
7.931616043526137361e-01 1.207523605929013542e+02
8.075914754684712094e-01 1.159513488782311583e+02
8.222838670836538633e-01 1.113321922486141915e+02
8.372435551945670573e-01 1.068887220884742248e+02
8.524754026866058210e-01 1.026147566265699140e+02
8.679843609149188177e-01 9.850423602264267231e+01
8.837754713139223117e-01 9.455129672317697498e+01
8.998538670360967107e-01 9.075026626996567813e+01
9.162247746206046983e-01 8.709565800254861756e+01
9.328935156922580907e-01 8.358216491729761799e+01
9.498655086913979639e-01 8.020463856112858991e+01
9.671462706352423888e-01 7.695808927495527030e+01
9.847414189112857485e-01 7.383769754030616639e+01
1.002656673103317075e+00 7.083880927279565753e+01
1.020897856850663477e+00 6.795693067530761766e+01
1.039470899741254284e+00 6.518772322806707109e+01
1.058381839239129318e+00 6.252699881296443607e+01
1.077636822647020098e+00 5.997071496950775327e+01
1.097242109104616281e+00 5.751497178771260366e+01
1.117204071623204564e+00 5.515601476616926391e+01
1.137529199157325532e+00 5.289022326128920781e+01
1.158224098714097927e+00 5.071410247655005321e+01
1.179295497500937762e+00 4.862427954208819614e+01
1.200750245112352843e+00 4.661749970261470821e+01
1.222595315756498158e+00 4.469062260366236217e+01
1.244837810522259947e+00 4.284061867461262807e+01
1.267484959687586565e+00 4.106456560693131763e+01
1.290544125069789771e+00 3.935964492601963371e+01
1.314022802418629343e+00 3.772313865505867625e+01
1.337928623852933541e+00 3.615242603451813608e+01
1.362269360341522129e+00 3.464497835677124016e+01
1.387052924229306816e+00 3.319835521352855068e+01
1.412287371809304970e+00 3.181020480635875103e+01
1.437980905941474319e+00 3.047826126101632127e+01
1.464141878719193102e+00 2.920034172639014969e+01
1.490778794184223655e+00 2.797434356033226877e+01
1.517900311091094689e+00 2.679824160026985425e+01
1.545515245721778452e+00 2.567008551653528059e+01
1.573632574751544055e+00 2.458799724637480466e+01
1.602261438166979080e+00 2.355016850662300953e+01
1.631411142237097822e+00 2.255485838306190871e+01
1.661091162538472332e+00 2.160039099451408262e+01
1.691311147035430507e+00 2.068515321001027374e+01
1.722080919216290917e+00 1.980759224587442802e+01
1.753410481286623579e+00 1.896621366467323000e+01
1.785310017420636663e+00 1.815957948905407804e+01
1.817789897071716787e+00 1.738630620775685287e+01
1.850860678343162258e+00 1.664506284261490876e+01
1.884533111420275020e+00 1.593456907800906741e+01
1.918818142064890653e+00 1.525359345104306641e+01
1.953726915173450651e+00 1.460095160074384246e+01
1.989270778399840234e+00 1.397550457462239493e+01
2.025461285844135872e+00 1.337615719096826794e+01
2.062310201808426502e+00 1.280185645528435145e+01
2.099829504620999376e+00 1.225159002930181451e+01
2.138031390530099607e+00 1.172438465175311606e+01
2.176928277668485734e+00 1.121930427751929216e+01
2.216532810090176664e+00 1.073544914796788774e+01
2.256857861880572358e+00 1.027195466269439450e+01
2.297916541341392893e+00 9.827990075470474096e+00
2.339722195251757952e+00 9.402757235019914006e+00
2.382288413206739008e+00 8.995489369482266184e+00
2.425629032034890553e+00 8.605449913193725209e+00
2.469758140296145932e+00 8.231931374453038686e+00
2.514690082861498865e+00 7.874254242975124107e+00
2.560439465576048956e+00 7.531765935769131559e+00
2.607021160006877558e+00 7.203839780213095345e+00
2.654450308277259918e+00 6.889874033074142368e+00
2.702742327988867821e+00 6.589290876916720663e+00
2.751912917233522826e+00 6.301535415719025757e+00
2.801978059696081491e+00 6.026074954081928503e+00
2.852954029850200968e+00 5.762398177367878738e+00
2.904857398248635203e+00 5.510014329839980185e+00
2.957705036909722196e+00 5.268452422654696932e+00
3.011514124801920822e+00 5.037260470704792326e+00
3.066302153428126953e+00 4.816004757339777065e+00
3.122086932511527912e+00 4.604269126020361647e+00
3.178886595784957247e+00 4.401654297991092868e+00
3.236719606885571920e+00 4.207777215084085753e+00
3.295604765356715760e+00 4.022270406793579056e+00
3.355561212759026635e+00 3.844781380143761140e+00
3.416608438892731137e+00 3.674971997664197243e+00
3.478766288133063878e+00 3.512517901947685317e+00
3.542054965881055395e+00 3.357108028762013419e+00
3.606495045131572041e+00 3.208444086852051402e+00
3.672107473160914903e+00 3.066240052410387218e+00
3.738913578336090726e+00 2.930221682636837244e+00
3.806935077047892690e+00 2.800126047709798005e+00
3.876194080770182016e+00 2.675701080513925412e+00
3.946713103247599275e+00 2.556705143490483056e+00
4.018515067813969388e+00 2.442906611997402777e+00
4.091623314843920944e+00 2.334083473585915502e+00
4.166061609340070859e+00 2.230022942620595749e+00
4.241854148658170232e+00 2.130521083897933821e+00
4.319025570372864387e+00 2.035382367993336938e+00
4.397600960286556671e+00 1.944419364147211615e+00
4.477605860583897091e+00 1.857452496883911675e+00
4.559066278134701555e+00 1.774309728780021356e+00
4.642008692947928949e+00 1.694826253067007737e+00
4.726460066779375246e+00 1.618844198336303775e+00
4.812447851896049400e+00 1.546212344890576906e+00
4.900000000000001243e+00 1.476785852301408353e+00
