# k[h/Mpc]    Pk[Mpc^3/h^3] (CDM+baryons, z=0, sum m_nu = 0.1 eV)
1.000000000000000048e-04 4.187387933625960272e+02
1.039255682936713091e-04 4.346356421259743001e+02
1.080052374516252909e-04 4.511352649090479758e+02
1.122450568085307056e-04 4.682604290010572754e+02
1.166513131698196175e-04 4.860347522333767074e+02
1.212305401337652864e-04 5.044827330894149782e+02
1.259895277795027079e-04 5.236297808233306341e+02
1.309353327353610932e-04 5.435022490518528002e+02
1.360752886424333198e-04 5.641274683825982947e+02
1.414170170289023951e-04 5.855337804070879884e+02
1.469684386112446071e-04 6.077505764110718474e+02
1.527377850390714128e-04 6.308083264486989492e+02
1.587336111010208739e-04 6.547386245562258864e+02
1.649648074098020775e-04 6.795742224046373394e+02
1.714406135851970269e-04 7.053490694801605514e+02
1.781706319545730730e-04 7.320983546333185359e+02
1.851648417912154056e-04 7.598585456413746897e+02
1.924336141115979919e-04 7.886674312393970467e+02
1.999877270535284877e-04 8.185641664778898985e+02
2.078383818579757254e-04 8.495893143029805969e+02
2.159972194782717103e-04 8.817848904122578233e+02
2.244763378413223921e-04 9.151944107194705111e+02
2.332883097864158189e-04 9.498629352460617383e+02
2.424462017082328286e-04 9.858371156189249405e+02
2.519635929317013637e-04 1.023165244593457260e+03
2.618545958474232716e-04 1.061897301570277023e+03
2.721338768375308921e-04 1.102085001672063072e+03
2.828166780230032180e-04 1.143781845821238221e+03
2.939188398646887007e-04 1.187043168194096324e+03
3.054568246515431892e-04 1.231926186281185437e+03
3.174477409109193664e-04 1.278490049838574123e+03
3.299093687770939063e-04 1.326795890621353465e+03
3.428601863556586678e-04 1.376906870246717062e+03
3.563193971228584300e-04 1.428888229591990012e+03
3.703069584005141035e-04 1.482807336870865356e+03
3.848436109487429323e-04 1.538733735550562642e+03
3.999509097203665198e-04 1.596739188611081318e+03
4.156512558225987906e-04 1.656897728917253517e+03
4.319679297334173764e-04 1.719285699929611155e+03
4.489251258218607721e-04 1.783981801360648660e+03
4.665479882234472913e-04 1.851067131054138599e+03
4.848626481239078079e-04 1.920625228321122449e+03
5.038962625065149942e-04 1.992742105894150427e+03
5.236770544204655915e-04 2.067506294116776189e+03
5.442343548300266828e-04 2.145008872904099007e+03
5.655986461065001716e-04 2.225343505188980544e+03
5.878016072274911547e-04 2.308606460806708128e+03
6.108761607505039425e-04 2.394896646992364822e+03
6.348565216305217035e-04 2.484315625539916709e+03
6.597782479539539974e-04 2.576967628600831631e+03
6.856782936641738196e-04 2.672959563656509090e+03
7.125950633568410445e-04 2.772401019963074305e+03
7.405684692262435144e-04 2.875404244066578030e+03
7.696399902471158820e-04 2.982084132150024743e+03
7.998527336796708211e-04 3.092558189636720726e+03
8.312514989890631501e-04 3.206946466625117409e+03
8.638828442740445089e-04 3.325371499218329518e+03
8.977951553033323203e-04 3.447958198653353520e+03
9.330387172620360813e-04 3.574833746883103231e+03
9.696657893145520669e-04 3.706127447272330755e+03
1.007730682094461726e-03 3.841970526497034825e+03
1.047289838236358439e-03 3.982495957213430756e+03
1.088401916069005500e-03 4.127838210943690683e+03
1.131127876593921366e-03 4.278132968731256369e+03
1.175531073878369843e-03 4.433516873783869414e+03
1.221677348996791758e-03 4.594127105230915731e+03
1.269635127659972731e-03 4.760101097739452598e+03
1.319475521676706032e-03 4.931576133996656608e+03
1.371272434398400917e-03 5.108672292407729401e+03
1.425102670302997709e-03 5.291532731796756707e+03
1.481046048880673999e-03 5.480299242980255258e+03
1.539185522990205385e-03 5.675103451698370009e+03
1.599607301861487915e-03 5.876074501012998553e+03
1.662400978926611940e-03 6.083338214026541209e+03
1.727659664669034751e-03 6.297016384942372497e+03
1.795480124687830496e-03 6.517226000716311319e+03
1.865962923181745982e-03 6.744078545450887759e+03
1.939212572065830958e-03 6.977678976288989361e+03
2.015337685941732959e-03 7.218125057299984292e+03
2.094451143151468755e-03 7.465506251222357605e+03
2.176670253153459040e-03 7.719903199588169628e+03
2.262116930469026260e-03 7.981385991085361638e+03
2.350917875457286636e-03 8.250013755107371253e+03
2.443204762186486703e-03 8.525833346664036071e+03
2.539114433680347144e-03 8.808877919201522673e+03
2.638789104828934487e-03 9.099165841338875907e+03
2.742376573264949328e-03 9.396700100777759872e+03
2.850030438518105433e-03 9.701465832117444734e+03
2.961910329772553339e-03 1.001343053219212561e+04
3.078182142565080021e-03 1.033254094787393478e+04
3.199018284775063860e-03 1.065872451112778435e+04
3.324597932270938281e-03 1.099188328407923836e+04
3.455107294592218038e-03 1.133189851535532944e+04
3.590739891061055147e-03 1.167862485276689222e+04
3.731696837732751716e-03 1.203188967179163592e+04
3.878187145610719616e-03 1.239149189393019697e+04
4.030428030568050657e-03 1.275720108652884119e+04
4.188645235435270626e-03 1.312875545273740681e+04
4.353073364731892096e-03 1.350585764036530418e+04
4.523956232538053901e-03 1.388817988426500779e+04
4.701547224022129337e-03 1.427534663205034849e+04
4.886109671160325692e-03 1.466694078387806439e+04
5.077917243205403233e-03 1.506245962579201114e+04
5.277254352483537470e-03 1.546158064789829041e+04
5.484416576121015248e-03 1.586365962762722302e+04
5.699711094326075263e-03 1.626820380779952757e+04
5.923457145875806254e-03 1.667436178485029814e+04
6.155986501483507942e-03 1.708151073953732339e+04
6.397643955748423712e-03 1.748924043618478754e+04
6.648787838417263320e-03 1.789642602048797562e+04
6.909790545715645271e-03 1.830224061699055892e+04
7.181039092537349483e-03 1.870579049583755113e+04
7.462935686310129789e-03 1.910611410948001503e+04
7.755898323389001994e-03 1.950227349706196765e+04
8.060361408861344348e-03 1.989299929576762224e+04
8.376776400682916374e-03 2.027711935271596667e+04
8.705612479099856735e-03 2.065360791456304287e+04
9.047357242349292339e-03 2.102092239591720499e+04
9.402517429670131932e-03 2.137779306288214502e+04
9.771619672696182229e-03 2.172276636284868437e+04
1.015521127634568151e-02 2.205428207473308066e+04
1.055386103036523061e-02 2.237071046982763801e+04
1.096816005273137939e-02 2.267084552414431164e+04
1.139872266616051392e-02 2.295227718577562700e+04
1.184618730902683645e-02 2.321412254300084169e+04
1.231121748203889595e-02 2.345377196538630960e+04
1.279450273207873370e-02 2.367025299028774680e+04
1.329675967466211264e-02 2.386097132367059749e+04
1.381873305653632221e-02 2.402439244168348159e+04
1.436119685999078834e-02 2.415869555873046193e+04
1.492495545051829124e-02 2.426169852591195377e+04
1.551084476952840560e-02 2.433172592862270540e+04
1.611973357388157141e-02 2.436702320544992472e+04
1.675252472408215662e-02 2.436587037759906525e+04
1.741015652304015240e-02 2.432668012410659503e+04
1.809360410738716438e-02 2.424800966081007573e+04
1.880388089340914726e-02 2.412885858391195870e+04
1.954204007974053373e-02 2.396792541768748197e+04
2.030917620904734711e-02 2.376458499078048771e+04
2.110642679101554925e-02 2.351836782384322214e+04
2.193497398905057752e-02 2.322934292499479852e+04
2.279604637318979887e-02 2.289783408654821324e+04
2.369092074182631985e-02 2.252473781819314172e+04
2.462092401494625493e-02 2.211125492062663398e+04
2.558743520168586458e-02 2.165954620794158109e+04
2.659188744512693686e-02 2.117185316190254161e+04
2.763577014736157481e-02 2.065150586679326443e+04
2.872063117797828136e-02 2.010195723430048020e+04
2.984807916924324400e-02 1.952759502745160353e+04
3.101978590138096750e-02 1.893334734895168367e+04
3.223748878149030467e-02 1.832427765826548421e+04
3.350299341977229506e-02 1.770631438888251796e+04
3.481817630688966575e-02 1.708554760224117490e+04
3.618498759642746476e-02 1.646798692395973558e+04
3.760545399658171695e-02 1.586005690033946121e+04
3.908168177536264221e-02 1.526767831198108252e+04
4.061585988376979761e-02 1.469652308812320371e+04
4.221026320156898853e-02 1.415189295244873028e+04
4.386725591048498685e-02 1.363794547467556731e+04
4.558929499981059091e-02 1.315794110094540702e+04
4.737893390963143769e-02 1.271399024730557539e+04
4.923882631706736485e-02 1.230665759056426941e+04
5.117173007114604599e-02 1.193478796474242699e+04
5.318051128214196926e-02 1.159551672040105041e+04
5.526814857144603244e-02 1.128418668703264302e+04
5.743773748826581232e-02 1.099401996451466221e+04
5.969249509970733780e-02 1.071665194467750734e+04
6.203576476104268045e-02 1.044225163744094789e+04
6.447102107323869624e-02 1.016022762887595127e+04
6.700187503509583142e-02 9.859891560097956244e+03
6.963207939763882415e-02 9.531702122640206653e+03
7.236553422869657082e-02 9.168404813569630278e+03
7.520629269592407629e-02 8.766355024105521807e+03
7.815856707684090687e-02 8.326559372729161623e+03
8.122673500479711539e-02 7.855176291080855663e+03
8.441534596012985336e-02 7.363711121931351045e+03
8.772912801613355627e-02 6.867685594642329306e+03
9.117299484984921210e-02 6.385185878830699039e+03
9.475205302806537222e-02 5.934363212232579826e+03
9.847160957933774605e-02 5.530920784292698045e+03
1.023371798632519147e-01 5.185598535897721376e+03
1.063544957486011189e-01 4.902354933560175596e+03
1.105295141126020897e-01 4.677348838512307339e+03
1.148684256737553672e-01 4.498808819989938456e+03
1.193776641714435760e-01 4.348061793135851985e+03
1.240639159058831847e-01 4.202161439079280171e+03
1.289341296525714498e-01 4.038441871859151888e+03
1.339955269659338366e-01 3.840347314437392015e+03
1.392556128874462007e-01 3.603025536264953189e+03
1.447221870741134397e-01 3.335750733543158731e+03
1.504033553638023657e-01 3.059550403753582032e+03
1.563075417945815893e-01 2.800436227781400703e+03
1.624435010958865389e-01 2.580538040556905798e+03
1.688203316700362666e-01 2.410603807441565550e+03
1.754474890833459533e-01 2.286269994119499188e+03
1.823348000868440510e-01 2.189467803204973279e+03
1.894924771873821578e-01 2.096208466675631371e+03
1.969311337907421744e-01 1.983008226863606069e+03
2.046617999391989740e-01 1.843026027799376834e+03
2.126959386668689778e-01 1.688745543956446227e+03
2.210454629971021490e-01 1.542524959438081851e+03
2.297227536071151099e-01 1.422319538690286890e+03
2.387406771860647037e-01 1.332636425394312710e+03
2.481126055137767850e-01 1.262159947178290167e+03
2.578524352884273840e-01 1.191636749923030493e+03
2.679746087325689530e-01 1.108999497640020991e+03
2.784941350080644140e-01 1.017871933471620309e+03
2.894266124716748934e-01 9.330054297604440308e+02
3.007882518043099029e-01 8.649002691910086469e+02
3.125959000482277927e-01 8.101021097856381630e+02
3.248670655878374558e-01 7.574637691538060835e+02
3.376199441111336630e-01 7.003591825336746979e+02
3.508734455902711158e-01 6.432866412644131060e+02
3.646472223212745001e-01 5.936407580475497525e+02
3.789616980644716082e-01 5.519343392957554215e+02
3.938380983288489179e-01 5.122799894980335011e+02
4.092984818452438112e-01 4.721397557843604886e+02
4.253657732750387166e-01 4.346495322403737305e+02
4.420637972028529927e-01 4.018566378873764506e+02
4.594173134636476141e-01 3.716433350503591555e+02
4.774520538566126571e-01 3.423561050937303207e+02
4.961947603002903051e-01 3.152406835785443491e+02
5.156732244854963509e-01 2.908024706045680432e+02
5.359163290848514283e-01 2.679292266471946959e+02
5.569540905800129948e-01 2.464890664781103453e+02
5.788177037701274230e-01 2.269020822461281739e+02
6.015395880274833074e-01 2.087751528028739756e+02
6.251534353689711665e-01 1.919126801711095425e+02
6.496942604146117572e-01 1.764157252372965274e+02
6.751984523072501743e-01 1.620945045429053550e+02
7.017038286703822791e-01 1.488621300018034219e+02
7.292496916841444410e-01 1.366766497741301407e+02
7.578768863625922059e-01 1.254333954167320826e+02
7.876278611187055301e-01 1.150746993218976542e+02
8.185467307069020926e-01 1.055337523155846640e+02
8.506793416364153426e-01 9.674746426561870294e+01
8.840733401525062707e-01 8.866275067643933028e+01
9.187782428863330297e-01 8.122668591432446306e+01
9.548455102782293924e-01 7.438929408513828889e+01
9.923286228832545186e-01 6.810543921427299097e+01
1.031283160672184840e+00 6.233255558949134212e+01
1.071766885445503359e+00 5.703054856490801683e+01
1.113839826482618367e+00 5.216303368676298646e+01
1.157564369553303552e+00 4.769644733977234097e+01
1.203005349423324155e+00 4.359954687056152522e+01
1.250230145991455988e+00 3.984324893022976255e+01
1.299308784200414513e+00 3.639975218305806948e+01
1.350314037869872141e+00 3.324403540740031815e+01
1.403321537605484615e+00 3.035343114257648622e+01
1.458409882943986435e+00 2.770715422064838762e+01
1.515660758900601257e+00 2.528438610806721698e+01
1.575159057091621184e+00 2.306738630366434606e+01
1.636993001611701803e+00 2.103925903209238157e+01
1.701254279852589146e+00 1.918483745597265511e+01
1.768038178457205012e+00 1.748922678132021247e+01
1.837443724610724916e+00 1.593949707704741847e+01
1.909573832878096677e+00 1.452370217521026063e+01
1.984535457805803205e+00 1.323042599191812840e+01
2.062439752514092728e+00 1.204947498510912673e+01
2.143402233514854593e+00 1.097143022899997788e+01
2.227542951999556209e+00 9.987608198134205750e+00
2.314986671851161137e+00 9.089864502908133304e+00
2.405863054644066690e+00 8.271102025379773792e+00
2.500306851906321182e+00 7.524429572166472013e+00
2.598458104929247003e+00 6.843685606707442304e+00
2.700462352420681889e+00 6.223263952021257595e+00
2.806470846309838674e+00 5.657907944404322542e+00
2.916640776023700976e+00 5.142869078926803006e+00
3.031135501567576274e+00 4.673794065951293319e+00
3.150124795755327778e+00 4.246648695710065979e+00
3.273785095948577251e+00 3.857813890485086716e+00
3.402299765678064247e+00 3.503919727925717709e+00
3.535859366535175852e+00 3.181883058196450786e+00
3.674661940736688059e+00 2.888931905734171135e+00
3.818913304781854201e+00 2.622458664819201424e+00
3.968827354637157967e+00 2.380142860970441809e+00
4.124626382901348087e+00 2.159847361233859786e+00
4.286541408420925237e+00 1.959598990827678078e+00
4.454812518844988745e+00 1.777613973805891590e+00
4.629689226627268006e+00 1.612257541579937614e+00
4.811430839003254967e+00 1.462043790169595070e+00
5.000306842491089476e+00 1.325608176385505654e+00
5.196597302486197556e+00 1.201711415523038173e+00
5.400593278542373810e+00 1.089224890738593077e+00
5.612597255954965725e+00 9.871087827109875645e-01
5.832923594286199886e+00 8.944375238436925724e-01
6.061898993497572441e+00 8.103401923161283049e-01
6.299862978380692979e+00 7.340403127861920840e-01
6.547168402004729160e+00 6.648277725539849525e-01
6.804181968927093926e+00 6.020524522466117467e-01
7.071284778942995786e+00 5.451285986235518966e-01
7.348872892180388305e+00 4.935186361614141703e-01
7.637357916378011424e+00 4.467311404532335883e-01
7.937167617217542492e+00 4.043256074328143157e-01
8.248746552614580452e+00 3.658954967046340045e-01
8.572556731909324768e+00 3.310733260269840272e-01
8.909078300934124783e+00 2.995259795374254908e-01
9.258810253973944526e+00 2.709503327601421874e-01
9.622271173675134293e+00 2.450698928182202807e-01
1.000000000000000000e+01 2.216328242679577454e-01
